3 23 30 148 87 49
3 23 31 147 85 46
3 24 29 162 95 56
3 24 30 154 92 49
3 24 31 152 92 50
3 25 30 154 88 49
3 25 31 149 85 42
4 23 26 148 87 49
4 23 27 173 126 97
4 23 28 175 130 100
4 23 29 176 130 101
4 23 30 151 90 51
4 23 31 147 85 47
4 24 26 161 94 55
4 24 27 148 85 43
4 24 28 151 92 51
4 24 29 147 86 46
4 24 30 148 87 49
4 24 31 151 92 53
4 25 28 155 88 48
4 25 29 153 85 46
4 25 30 147 80 39
4 25 31 147 81 40
4 26 30 149 81 41
4 26 31 147 82 41
5 22 22 175 129 100
5 22 23 173 126 97
5 22 24 175 130 100
5 22 25 176 130 101
5 22 26 174 128 100
5 22 27 175 130 99
5 22 28 175 130 99
5 23 22 151 91 50
5 23 23 150 89 49
5 23 24 146 85 47
5 23 25 150 89 51
5 23 26 149 88 48
5 23 27 151 90 51
5 23 28 148 87 47
5 23 29 149 88 47
5 23 30 149 88 47
5 23 31 202 171 151
5 24 23 146 79 41
5 24 24 158 91 48
5 24 25 157 95 51
5 24 26 151 88 47
5 24 27 152 88 46
5 24 28 152 89 46
5 24 29 151 91 49
5 24 30 151 90 51
5 24 31 151 91 53
5 25 26 147 80 39
5 25 27 147 81 40
5 25 28 146 82 40
5 25 29 148 85 43
5 25 30 154 93 51
5 25 31 153 93 49
5 26 30 154 83 42
5 26 31 152 81 40
6 21 18 175 129 100
6 21 19 147 85 46
6 21 20 148 86 47
6 22 18 150 89 49
6 22 19 148 87 49
6 22 20 146 83 44
6 22 21 176 130 101
6 22 22 174 128 100
6 22 23 175 130 99
6 22 24 175 130 99
6 22 25 176 130 100
6 22 26 148 87 47
6 22 27 175 130 99
6 22 28 148 87 46
6 22 29 175 128 98
6 22 30 147 85 46
6 22 31 147 84 45
6 23 18 205 172 153
6 23 19 145 79 41
6 23 20 157 92 48
6 23 21 157 95 51
6 23 22 151 88 47
6 23 23 148 84 42
6 23 24 150 86 45
6 23 25 154 90 48
6 23 26 151 87 46
6 23 27 151 91 48
6 23 28 148 87 46
6 23 29 147 86 47
6 23 30 151 90 52
6 23 31 147 84 45
6 24 21 151 84 43
6 24 22 145 80 38
6 24 23 143 78 37
6 24 24 151 89 50
6 24 25 159 96 55
6 24 26 152 91 48
6 24 27 147 85 45
6 24 28 151 87 45
6 24 29 151 90 48
6 24 30 147 86 46
6 24 31 147 87 48
6 25 25 154 83 42
6 25 26 152 81 40
6 25 27 152 90 47
6 25 28 148 85 45
6 25 29 149 87 45
6 25 30 153 91 48
6 25 31 155 95 51
6 26 28 153 83 41
6 26 29 149 81 38
6 26 30 144 75 35
6 26 31 147 85 45
7 4 31 203 170 150
7 5 31 201 167 146
7 21 14 175 129 100
7 21 15 147 85 46
7 21 16 175 130 100
7 21 17 150 89 50
7 21 18 147 85 47
7 21 19 148 87 47
7 21 20 149 88 47
7 21 21 149 88 47
7 21 22 175 130 99
7 21 23 148 87 46
7 22 14 159 93 54
7 22 15 149 83 43
7 22 16 148 83 42
7 22 17 151 90 48
7 22 18 152 91 51
7 22 19 144 83 46
7 22 20 147 86 47
7 22 21 149 88 49
7 22 22 146 85 46
7 22 23 147 86 45
7 22 24 175 128 98
7 22 25 147 84 45
7 22 26 174 128 99
7 22 27 146 84 46
7 22 28 201 171 152
7 22 29 175 129 100
7 22 30 148 87 49
7 22 31 147 86 48
7 23 17 148 82 41
7 23 18 145 80 39
7 23 19 147 84 43
7 23 20 159 96 55
7 23 21 152 90 48
7 23 22 147 85 44
7 23 23 149 87 45
7 23 24 148 87 47
7 23 25 151 90 52
7 23 26 148 87 49
7 23 27 147 86 47
7 23 28 150 88 49
7 23 29 146 85 47
7 23 30 150 89 50
7 23 31 148 86 47
7 24 20 152 81 40
7 24 21 151 80 39
7 24 22 153 82 41
7 24 23 155 85 43
7 24 24 149 83 41
7 24 25 154 92 48
7 24 26 153 91 48
7 24 27 148 86 45
7 24 28 147 85 43
7 24 29 147 85 43
7 24 30 153 90 49
7 24 31 146 86 46
7 25 24 145 76 35
7 25 25 142 73 34
7 25 26 149 88 48
7 25 27 155 94 54
7 25 28 154 91 48
7 25 29 147 85 43
7 25 30 146 84 42
7 25 31 155 95 51
7 26 27 154 83 42
7 26 28 155 84 38
7 26 29 156 85 40
7 26 30 152 83 41
7 26 31 144 83 44
7 27 31 148 79 37
8 3 29 203 173 153
8 3 30 183 136 105
8 3 31 206 174 154
8 4 27 145 84 47
8 4 28 141 81 45
8 4 29 151 90 51
8 4 30 157 94 52
8 4 31 156 94 51
8 5 25 205 171 150
8 5 26 202 168 148
8 5 27 148 87 49
8 5 28 148 87 49
8 5 29 151 85 44
8 5 30 148 82 43
8 5 31 153 84 40
8 6 25 204 171 150
8 6 26 152 85 45
8 6 27 148 79 37
8 6 28 151 85 44
8 6 29 144 78 37
8 6 30 148 82 42
8 20 10 175 129 100
8 20 11 173 126 97
8 20 12 176 130 101
8 20 13 174 128 100
8 20 14 148 87 47
8 20 15 149 88 47
8 20 16 176 130 100
8 21 10 162 95 56
8 21 11 151 93 52
8 21 12 151 90 50
8 21 13 151 91 53
8 21 14 149 88 48
8 21 15 147 86 47
8 21 16 149 88 47
8 21 17 175 130 99
8 21 18 148 87 46
8 21 19 174 128 98
8 21 20 147 84 45
8 21 21 146 84 46
8 21 22 146 84 45
8 21 23 175 129 100
8 21 24 148 87 49
8 21 25 147 86 49
8 22 12 157 90 48
8 22 13 145 79 38
8 22 14 155 93 53
8 22 15 153 91 50
8 22 16 147 85 44
8 22 17 151 87 46
8 22 18 148 87 46
8 22 19 150 88 50
8 22 20 149 88 49
8 22 21 147 85 46
8 22 22 145 85 47
8 22 23 151 90 50
8 22 24 148 86 47
8 22 25 147 86 48
8 22 26 174 128 100
8 22 27 174 128 100
8 22 28 147 86 47
8 22 29 147 86 47
8 22 30 202 171 151
8 22 31 175 129 99
8 23 16 154 83 42
8 23 17 149 79 38
8 23 18 148 85 45
8 23 19 148 86 44
8 23 20 156 95 52
8 23 21 152 92 49
8 23 22 148 88 45
8 23 23 155 91 47
8 23 24 149 89 47
8 23 25 147 86 47
8 23 26 148 87 49
8 23 27 150 89 51
8 23 28 148 86 48
8 23 29 146 86 48
8 23 30 152 91 53
8 23 31 150 88 50
8 24 19 150 82 38
8 24 20 141 72 33
8 24 21 145 75 36
8 24 22 151 89 50
8 24 23 154 91 48
8 24 24 147 85 44
8 24 25 146 84 42
8 24 26 155 94 51
8 24 27 150 89 49
8 24 28 147 86 44
8 24 29 152 90 48
8 24 30 149 87 47
8 24 31 150 89 48
8 25 23 157 86 40
8 25 24 149 80 38
8 25 25 145 77 35
8 25 26 150 81 39
8 25 27 152 83 41
8 25 28 152 84 42
8 25 29 153 92 52
8 25 30 144 81 41
8 25 31 151 89 50
8 26 27 154 85 43
8 26 28 154 85 43
8 26 29 158 89 47
8 26 30 156 94 54
8 26 31 147 86 46
8 27 31 167 98 55
9 3 28 151 89 51
9 3 29 171 125 99
9 3 30 141 81 46
9 3 31 160 99 60
9 4 25 148 87 49
9 4 26 153 92 53
9 4 27 179 133 104
9 4 28 148 87 49
9 4 29 140 80 44
9 4 30 147 87 51
9 4 31 153 91 49
9 5 22 203 173 153
9 5 23 183 136 105
9 5 24 153 91 49
9 5 25 146 85 47
9 5 26 154 93 54
9 5 27 155 93 51
9 5 28 154 91 51
9 5 29 152 88 46
9 5 30 151 86 44
9 5 31 148 80 42
9 6 20 204 170 149
9 6 21 173 128 100
9 6 22 149 88 49
9 6 23 153 92 51
9 6 24 153 92 50
9 6 25 149 86 45
9 6 26 150 80 38
9 6 27 152 84 41
9 6 28 149 81 38
9 6 29 147 79 39
9 6 30 146 79 43
9 6 31 147 80 43
9 7 20 150 82 41
9 7 21 153 87 46
9 7 22 149 82 43
9 7 23 151 81 39
9 7 24 151 85 44
9 7 25 143 77 39
9 7 26 148 82 41
9 7 27 202 169 149
9 19 7 201 169 150
9 19 8 149 88 49
9 20 7 148 87 49
9 20 8 149 86 47
9 20 9 174 128 100
9 20 10 148 87 47
9 20 11 149 88 47
9 20 12 148 87 47
9 20 13 148 87 47
9 20 14 175 128 98
9 20 15 147 84 45
9 20 16 146 84 46
9 20 17 201 171 152
9 20 18 175 129 100
9 21 8 157 91 48
9 21 9 153 92 51
9 21 10 151 85 44
9 21 11 148 85 42
9 21 12 153 92 49
9 21 13 151 87 45
9 21 14 149 88 47
9 21 15 147 87 48
9 21 16 149 88 49
9 21 17 150 88 49
9 21 18 145 84 47
9 21 19 150 89 51
9 21 20 143 82 42
9 21 21 145 84 45
9 21 22 147 86 47
9 21 23 202 171 151
9 21 24 175 129 99
9 21 25 175 129 99
9 21 26 149 87 47
9 22 11 154 83 42
9 22 12 149 79 38
9 22 13 148 85 45
9 22 14 148 86 44
9 22 15 155 95 51
9 22 16 148 88 45
9 22 17 155 91 47
9 22 18 149 89 47
9 22 19 147 86 47
9 22 20 148 87 49
9 22 21 148 86 48
9 22 22 146 86 48
9 22 23 152 91 53
9 22 24 150 88 50
9 22 25 147 86 47
9 22 26 148 87 47
9 22 27 148 87 47
9 22 28 202 171 151
9 22 29 175 128 98
9 22 30 175 128 98
9 22 31 148 85 47
9 23 15 143 73 34
9 23 16 153 82 40
9 23 17 152 91 51
9 23 18 153 90 47
9 23 19 146 83 42
9 23 20 151 89 48
9 23 21 154 93 51
9 23 22 147 86 44
9 23 23 151 90 48
9 23 24 149 87 47
9 23 25 146 85 47
9 23 26 150 89 50
9 23 27 146 85 48
9 23 28 151 89 50
9 23 29 151 89 50
9 23 30 155 94 55
9 23 31 154 93 54
9 24 18 203 169 147
9 24 19 145 76 34
9 24 20 151 82 40
9 24 21 154 92 51
9 24 22 151 89 50
9 24 23 151 88 47
9 24 24 149 84 43
9 24 25 149 86 44
9 24 26 148 86 45
9 24 27 150 89 47
9 24 28 147 86 45
9 24 29 148 87 46
9 24 30 148 87 48
9 24 31 151 89 51
9 25 23 167 98 55
9 25 24 165 95 53
9 25 25 160 91 48
9 25 26 155 93 53
9 25 27 149 88 48
9 25 28 148 86 47
9 25 29 147 82 41
9 25 30 147 85 43
9 25 31 145 83 41
9 26 26 181 129 97
9 26 27 148 79 37
9 26 28 147 78 36
9 26 29 155 85 41
9 26 30 156 95 54
9 26 31 157 89 46
9 27 30 160 90 46
9 27 31 160 90 45
10 2 31 155 91 51
10 3 27 157 92 52
10 3 28 205 173 153
10 3 29 180 132 102
10 3 30 181 133 103
10 3 31 152 90 51
10 4 24 144 83 46
10 4 25 175 129 100
10 4 26 175 129 100
10 4 27 158 93 53
10 4 28 161 95 55
10 4 29 159 93 53
10 4 30 143 82 41
10 4 31 143 81 41
10 5 21 145 84 46
10 5 22 141 81 46
10 5 23 169 123 97
10 5 24 146 85 47
10 5 25 156 95 55
10 5 26 151 88 49
10 5 27 146 86 45
10 5 28 145 83 44
10 5 29 155 91 50
10 5 30 153 88 47
10 5 31 154 86 45
10 6 18 148 87 49
10 6 19 153 92 53
10 6 20 179 133 104
10 6 21 143 82 44
10 6 22 151 90 50
10 6 23 150 89 48
10 6 24 151 88 49
10 6 25 151 82 44
10 6 26 153 85 43
10 6 27 149 83 44
10 6 28 150 81 40
10 6 29 151 85 44
10 6 30 154 88 47
10 6 31 156 89 48
10 7 15 141 81 45
10 7 16 154 93 51
10 7 17 206 174 154
10 7 18 145 84 47
10 7 19 155 94 55
10 7 20 151 89 47
10 7 21 152 87 46
10 7 22 147 82 43
10 7 23 149 82 43
10 7 24 150 82 41
10 7 25 155 89 47
10 7 26 148 82 43
10 7 27 147 80 42
10 7 28 175 125 96
10 8 13 205 171 150
10 8 14 151 90 52
10 8 15 143 83 47
10 8 16 156 93 51
10 8 17 152 87 44
10 8 18 153 84 41
10 8 19 147 79 38
10 8 20 148 82 40
10 8 21 149 83 45
10 8 22 174 124 95
10 9 13 203 170 150
10 9 14 146 78 39
10 9 15 144 79 38
10 9 16 202 169 149
10 19 3 147 85 46
10 19 4 176 130 101
10 19 5 147 85 47
10 19 6 149 88 47
10 19 7 148 87 47
10 19 8 148 87 47
10 19 9 174 128 98
10 19 10 174 128 99
10 19 11 146 84 46
10 20 3 149 82 44
10 20 4 156 93 52
10 20 5 148 83 42
10 20 6 151 91 47
10 20 7 150 88 50
10 20 8 148 86 46
10 20 9 143 82 44
10 20 10 147 85 46
10 20 11 146 84 45
10 20 12 175 129 100
10 20 13 147 86 49
10 20 14 174 128 100
10 20 15 147 86 48
10 20 16 147 86 47
10 20 17 202 171 151
10 20 18 175 129 99
10 20 19 149 87 47
10 21 7 152 81 40
10 21 8 150 88 47
10 21 9 148 86 44
10 21 10 155 95 51
10 21 11 148 88 45
10 21 12 148 86 45
10 21 13 146 86 46
10 21 14 148 87 49
10 21 15 150 89 51
10 21 16 146 86 48
10 21 17 152 91 53
10 21 18 147 86 47
10 21 19 148 87 47
10 21 20 148 87 47
10 21 21 175 128 99
10 21 22 175 128 98
10 21 23 147 85 46
10 21 24 148 85 47
10 21 25 148 86 47
10 21 26 148 86 48
10 21 27 148 86 48
10 22 10 147 77 38
10 22 11 150 80 38
10 22 12 151 82 39
10 22 13 145 84 44
10 22 14 148 87 47
10 22 15 144 80 39
10 22 16 151 88 45
10 22 17 154 92 50
10 22 18 147 86 46
10 22 19 147 86 45
10 22 20 148 86 45
10 22 21 144 84 47
10 22 22 147 88 50
10 22 23 153 91 53
10 22 24 150 89 51
10 22 25 149 88 50
10 22 26 150 88 49
10 22 27 151 90 52
10 22 28 203 171 152
10 22 29 203 171 152
10 22 30 147 87 48
10 22 31 152 91 53
10 23 14 152 83 41
10 23 15 150 81 39
10 23 16 155 94 54
10 23 17 149 88 49
10 23 18 148 86 46
10 23 19 149 84 43
10 23 20 145 83 41
10 23 21 156 93 50
10 23 22 149 88 47
10 23 23 146 84 44
10 23 24 147 87 47
10 23 25 153 91 52
10 23 26 152 91 52
10 23 27 142 82 46
10 23 28 152 91 51
10 23 29 152 90 52
10 23 30 154 93 53
10 23 31 147 86 48
10 24 18 158 89 46
10 24 19 149 81 38
10 24 20 146 78 36
10 24 21 156 94 54
10 24 22 151 90 50
10 24 23 150 89 49
10 24 24 144 82 40
10 24 25 148 86 43
10 24 26 151 89 46
10 24 27 154 92 49
10 24 28 145 84 43
10 24 29 143 82 41
10 24 30 149 88 48
10 24 31 154 92 53
10 25 22 160 90 45
10 25 23 160 90 45
10 25 24 158 88 42
10 25 25 155 95 51
10 25 26 152 90 51
10 25 27 150 89 49
10 25 28 146 85 45
10 25 29 148 86 44
10 25 30 145 83 41
10 25 31 147 85 44
10 26 26 161 89 44
10 26 27 162 90 45
10 26 28 162 91 48
10 26 29 162 93 51
10 26 30 155 94 48
10 26 31 150 89 49
10 27 30 153 85 44
10 27 31 152 83 42
11 2 30 155 93 54
11 2 31 149 88 50
11 3 27 152 91 53
11 3 28 179 133 104
11 3 29 180 133 105
11 3 30 154 92 54
11 3 31 149 88 50
11 4 23 173 127 98
11 4 24 174 128 99
11 4 25 148 87 48
11 4 26 149 88 50
11 4 27 151 90 52
11 4 28 155 93 55
11 4 29 153 92 52
11 4 30 153 92 52
11 4 31 147 85 45
11 5 20 180 132 102
11 5 21 155 91 51
11 5 22 150 87 49
11 5 23 146 85 47
11 5 24 144 84 46
11 5 25 143 82 44
11 5 26 146 85 48
11 5 27 153 92 51
11 5 28 148 86 45
11 5 29 149 83 43
11 5 30 157 91 49
11 5 31 157 90 50
11 6 17 175 129 100
11 6 18 151 88 49
11 6 19 205 173 153
11 6 20 159 93 53
11 6 21 156 91 52
11 6 22 153 92 53
11 6 23 145 83 43
11 6 24 158 97 53
11 6 25 153 88 47
11 6 26 154 90 49
11 6 27 152 87 47
11 6 28 149 84 43
11 6 29 157 91 49
11 6 30 153 87 48
11 6 31 150 84 43
11 7 13 151 89 51
11 7 14 143 83 47
11 7 15 140 80 42
11 7 16 159 98 59
11 7 17 156 93 52
11 7 18 154 90 50
11 7 19 144 83 43
11 7 20 150 83 44
11 7 21 159 96 54
11 7 22 149 82 44
11 7 23 147 81 42
11 7 24 155 87 47
11 7 25 152 88 47
11 7 26 176 127 96
11 7 27 145 79 40
11 7 28 147 81 42
11 7 29 151 85 44
11 8 10 206 174 154
11 8 11 148 87 49
11 8 12 154 93 55
11 8 13 148 87 49
11 8 14 145 85 49
11 8 15 153 91 49
11 8 16 153 91 48
11 8 17 153 85 43
11 8 18 150 82 44
11 8 19 150 81 40
11 8 20 154 88 47
11 8 21 152 85 47
11 8 22 146 80 41
11 8 23 148 82 42
11 9 8 202 168 148
11 9 9 152 87 46
11 9 10 151 87 46
11 9 11 153 91 50
11 9 12 154 91 49
11 9 13 150 83 45
11 9 14 150 82 43
11 9 15 148 80 40
11 9 16 155 89 45
11 9 17 149 83 43
11 9 18 202 168 149
11 10 8 150 82 41
11 10 9 149 82 43
11 10 10 147 79 39
11 10 11 143 77 37
11 10 12 148 82 41
11 18 0 151 90 51
11 18 1 148 87 47
11 18 2 149 88 47
11 18 3 148 87 46
11 19 0 151 91 49
11 19 1 152 92 54
11 19 2 149 88 49
11 19 3 147 86 45
11 19 4 147 84 45
11 19 5 146 84 46
11 19 6 175 129 100
11 19 7 147 86 49
11 19 8 174 128 100
11 19 9 147 86 47
11 19 10 202 171 151
11 19 11 175 129 99
11 19 12 149 87 47
11 20 2 153 83 41
11 20 3 148 85 45
11 20 4 153 91 48
11 20 5 151 90 47
11 20 6 155 91 47
11 20 7 146 86 46
11 20 8 149 89 51
11 20 9 151 89 50
11 20 10 152 91 53
11 20 11 147 86 47
11 20 12 148 87 47
11 20 13 202 171 151
11 20 14 175 128 98
11 20 15 147 85 46
11 20 16 148 85 47
11 20 17 148 86 47
11 20 18 148 86 48
11 20 19 203 171 152
11 20 20 203 171 152
11 21 6 156 85 39
11 21 7 144 83 43
11 21 8 153 92 52
11 21 9 144 79 38
11 21 10 150 89 47
11 21 11 147 86 46
11 21 12 150 88 46
11 21 13 152 91 50
11 21 14 153 91 53
11 21 15 148 87 49
11 21 16 150 89 50
11 21 17 151 90 51
11 21 18 152 91 50
11 21 19 148 87 49
11 21 20 203 171 152
11 21 21 177 130 100
11 21 22 177 130 100
11 21 23 151 88 50
11 21 24 152 89 50
11 21 25 152 89 50
11 21 26 152 89 50
11 21 27 152 89 50
11 22 10 169 100 57
11 22 11 163 94 51
11 22 12 155 93 53
11 22 13 152 91 51
11 22 14 145 82 40
11 22 15 145 83 41
11 22 16 156 94 50
11 22 17 145 84 44
11 22 18 143 82 42
11 22 19 152 91 52
11 22 20 149 89 50
11 22 21 145 84 47
11 22 22 150 89 51
11 22 23 154 92 54
11 22 24 157 96 57
11 22 25 151 90 53
11 22 26 152 90 51
11 22 27 151 88 49
11 22 28 152 89 50
11 22 29 153 90 51
11 22 30 203 171 152
11 22 31 203 171 152
11 23 13 151 82 40
11 23 14 158 88 44
11 23 15 157 89 46
11 23 16 151 90 50
11 23 17 150 89 49
11 23 18 147 86 46
11 23 19 146 84 42
11 23 20 148 86 44
11 23 21 150 89 48
11 23 22 152 92 48
11 23 23 147 87 45
11 23 24 146 86 46
11 23 25 150 89 51
11 23 26 150 89 51
11 23 27 153 92 53
11 23 28 147 86 49
11 23 29 148 87 51
11 23 30 149 89 52
11 23 31 151 89 51
11 24 17 161 89 44
11 24 18 162 90 45
11 24 19 162 91 48
11 24 20 155 93 52
11 24 21 150 89 49
11 24 22 152 91 51
11 24 23 143 83 43
11 24 24 147 85 43
11 24 25 147 86 45
11 24 26 150 88 48
11 24 27 150 89 46
11 24 28 149 89 47
11 24 29 144 83 43
11 24 30 150 89 51
11 24 31 152 91 53
11 25 22 151 83 42
11 25 23 146 77 35
11 25 24 144 76 34
11 25 25 149 86 47
11 25 26 150 89 49
11 25 27 151 89 49
11 25 28 146 85 45
11 25 29 147 86 47
11 25 30 149 88 47
11 25 31 146 82 41
11 26 26 151 81 40
11 26 27 152 82 40
11 26 28 155 84 42
11 26 29 151 88 47
11 26 30 153 90 51
11 26 31 150 89 48
11 27 30 163 93 49
11 27 31 163 92 48
12 2 30 145 84 46
12 2 31 142 81 44
12 3 26 153 92 53
12 3 27 151 90 52
12 3 28 151 90 52
12 3 29 148 87 49
12 3 30 142 82 44
12 3 31 142 82 45
12 4 23 171 126 100
12 4 24 151 90 53
12 4 25 155 93 55
12 4 26 151 90 52
12 4 27 148 87 49
12 4 28 148 87 49
12 4 29 149 88 48
12 4 30 147 86 47
12 4 31 151 90 49
12 5 19 155 93 54
12 5 20 149 88 50
12 5 21 200 169 150
12 5 22 172 126 98
12 5 23 141 81 45
12 5 24 151 90 52
12 5 25 151 89 50
12 5 26 149 88 48
12 5 27 151 90 50
12 5 28 148 87 46
12 5 29 145 82 42
12 5 30 144 81 42
12 5 31 160 94 52
12 6 16 151 89 51
12 6 17 179 133 104
12 6 18 180 133 105
12 6 19 153 92 52
12 6 20 146 85 47
12 6 21 147 86 48
12 6 22 147 86 47
12 6 23 152 90 49
12 6 24 149 87 47
12 6 25 149 84 44
12 6 26 149 84 44
12 6 27 150 83 44
12 6 28 153 86 47
12 6 29 151 84 45
12 6 30 158 92 51
12 6 31 152 86 46
12 7 12 150 87 49
12 7 13 173 127 98
12 7 14 146 85 47
12 7 15 150 88 50
12 7 16 151 90 52
12 7 17 155 94 55
12 7 18 153 92 52
12 7 19 147 85 45
12 7 20 152 91 49
12 7 21 154 90 51
12 7 22 156 87 47
12 7 23 152 85 47
12 7 24 154 88 47
12 7 25 160 93 52
12 7 26 153 87 45
12 7 27 156 90 46
12 7 28 161 91 48
12 7 29 149 82 41
12 8 9 175 129 100
12 8 10 157 92 52
12 8 11 181 133 103
12 8 12 150 88 50
12 8 13 146 85 47
12 8 14 150 89 49
12 8 15 147 85 45
12 8 16 149 86 47
12 8 17 151 86 46
12 8 18 156 88 48
12 8 19 153 85 45
12 8 20 158 92 50
12 8 21 155 89 47
12 8 22 158 92 49
12 8 23 155 85 44
12 8 24 153 85 43
12 9 6 145 84 46
12 9 7 138 78 42
12 9 8 148 87 49
12 9 9 151 88 49
12 9 10 166 100 60
12 9 11 150 83 44
12 9 12 150 87 46
12 9 13 152 87 47
12 9 14 148 81 43
12 9 15 153 84 44
12 9 16 153 87 47
12 9 17 153 86 46
12 9 18 143 77 38
12 9 19 151 84 43
12 10 3 158 96 56
12 10 4 148 87 49
12 10 5 154 93 55
12 10 6 142 82 44
12 10 7 150 89 48
12 10 8 153 91 48
12 10 9 150 84 44
12 10 10 153 87 46
12 10 11 154 88 47
12 10 12 148 82 43
12 10 13 147 81 42
12 11 1 205 171 150
12 11 2 173 128 100
12 11 3 153 92 51
12 11 4 149 86 45
12 11 5 152 84 41
12 11 6 149 84 43
12 11 7 151 85 44
12 11 8 145 79 40
12 18 0 175 129 100
12 18 1 147 86 48
12 18 2 174 128 100
12 18 3 147 86 47
12 18 4 175 129 99
12 19 0 155 91 47
12 19 1 147 86 47
12 19 2 150 89 51
12 19 3 149 89 51
12 19 4 147 86 47
12 19 5 148 87 47
12 19 6 175 128 98
12 19 7 147 85 46
12 19 8 148 86 47
12 19 9 148 86 48
12 19 10 203 171 152
12 19 11 177 130 100
12 19 12 177 130 100
12 20 1 145 77 35
12 20 2 154 92 51
12 20 3 151 88 47
12 20 4 149 86 44
12 20 5 154 91 49
12 20 6 148 87 46
12 20 7 152 90 51
12 20 8 147 86 49
12 20 9 153 92 52
12 20 10 154 93 54
12 20 11 152 91 52
12 20 12 149 87 48
12 20 13 151 88 50
12 20 14 152 89 50
12 20 15 152 89 50
12 20 16 152 89 50
12 20 17 153 90 51
12 20 18 203 171 152
12 20 19 203 171 152
12 20 20 177 130 100
12 21 5 146 78 36
12 21 6 151 82 39
12 21 7 155 94 54
12 21 8 146 86 46
12 21 9 147 85 42
12 21 10 149 87 45
12 21 11 151 90 47
12 21 12 142 81 41
12 21 13 151 90 52
12 21 14 147 85 49
12 21 15 147 85 49
12 21 16 153 92 53
12 21 17 157 95 56
12 21 18 152 91 53
12 21 19 153 91 51
12 21 20 153 90 51
12 21 21 177 130 100
12 21 22 177 130 100
12 21 23 177 130 100
12 21 24 177 130 100
12 21 25 151 88 49
12 21 26 151 88 49
12 21 27 151 88 49
12 21 28 151 89 49
12 22 9 161 89 44
12 22 10 162 91 46
12 22 11 155 93 52
12 22 12 148 87 47
12 22 13 151 90 50
12 22 14 147 85 43
12 22 15 148 85 44
12 22 16 150 89 48
12 22 17 149 89 47
12 22 18 143 82 44
12 22 19 151 89 51
12 22 20 151 90 51
12 22 21 148 88 51
12 22 22 148 87 49
12 22 23 149 88 51
12 22 24 156 94 54
12 22 25 155 93 55
12 22 26 156 94 53
12 22 27 156 95 55
12 22 28 151 89 49
12 22 29 151 89 49
12 22 30 151 89 49
12 22 31 151 89 49
12 23 13 149 80 39
12 23 14 146 77 35
12 23 15 146 76 35
12 23 16 155 84 42
12 23 17 147 86 46
12 23 18 154 92 52
12 23 19 146 85 45
12 23 20 152 91 51
12 23 21 145 83 42
12 23 22 148 87 46
12 23 23 150 89 48
12 23 24 141 80 41
12 23 25 151 90 52
12 23 26 154 92 53
12 23 27 150 89 48
12 23 28 151 90 53
12 23 29 148 87 49
12 23 30 149 88 51
12 23 31 156 95 54
12 24 17 161 90 47
12 24 18 164 94 49
12 24 19 166 94 50
12 24 20 144 81 42
12 24 21 150 89 48
12 24 22 148 87 46
12 24 23 150 89 49
12 24 24 150 89 49
12 24 25 152 91 50
12 24 26 145 81 42
12 24 27 147 87 44
12 24 28 151 89 49
12 24 29 150 88 47
12 24 30 144 84 46
12 24 31 148 87 49
12 25 21 161 89 46
12 25 22 160 89 45
12 25 23 159 89 46
12 25 24 157 93 52
12 25 25 149 86 48
12 25 26 151 89 47
12 25 27 147 85 45
12 25 28 153 92 52
12 25 29 149 88 48
12 25 30 151 90 50
12 25 31 148 86 45
12 26 25 154 85 45
12 26 26 152 84 43
12 26 27 153 84 43
12 26 28 149 80 40
12 26 29 156 94 52
12 26 30 147 84 45
12 26 31 148 86 45
12 27 30 145 76 36
12 27 31 145 76 36
13 2 29 150 89 50
13 2 30 150 89 50
13 2 31 152 90 51
13 3 26 146 85 48
13 3 27 148 87 49
13 3 28 148 87 49
13 3 29 152 91 51
13 3 30 154 93 53
13 3 31 154 92 52
13 4 22 169 123 96
13 4 23 141 80 44
13 4 24 144 83 46
13 4 25 144 83 46
13 4 26 150 88 50
13 4 27 158 97 58
13 4 28 159 97 58
13 4 29 150 89 48
13 4 30 149 88 48
13 4 31 154 93 52
13 5 19 169 124 97
13 5 20 168 123 97
13 5 21 169 123 96
13 5 22 169 123 96
13 5 23 143 82 44
13 5 24 159 98 60
13 5 25 162 100 62
13 5 26 150 89 48
13 5 27 158 91 50
13 5 28 151 90 49
13 5 29 157 92 55
13 5 30 141 76 40
13 5 31 151 86 45
13 6 15 199 168 150
13 6 16 143 83 47
13 6 17 199 168 151
13 6 18 198 168 151
13 6 19 138 79 43
13 6 20 143 83 47
13 6 21 157 96 58
13 6 22 149 88 47
13 6 23 154 93 53
13 6 24 154 90 49
13 6 25 149 87 47
13 6 26 155 90 54
13 6 27 153 88 49
13 6 28 150 83 46
13 6 29 152 86 45
13 6 30 154 85 43
13 6 31 157 92 50
13 7 12 153 92 53
13 7 13 151 90 52
13 7 14 144 84 46
13 7 15 143 83 46
13 7 16 140 80 44
13 7 17 149 88 48
13 7 18 149 88 48
13 7 19 153 92 52
13 7 20 153 90 49
13 7 21 152 89 51
13 7 22 151 85 46
13 7 23 156 90 49
13 7 24 149 85 47
13 7 25 154 87 45
13 7 26 159 93 51
13 7 27 147 82 42
13 7 28 147 83 43
13 7 29 153 84 45
13 7 30 204 170 150
13 8 9 142 81 44
13 8 10 171 126 100
13 8 11 155 93 55
13 8 12 152 90 52
13 8 13 148 87 49
13 8 14 147 86 47
13 8 15 151 90 49
13 8 16 149 88 48
13 8 17 145 82 45
13 8 18 157 89 48
13 8 19 150 83 45
13 8 20 150 84 45
13 8 21 159 93 51
13 8 22 149 84 42
13 8 23 152 86 44
13 8 24 156 86 45
13 8 25 151 82 43
13 9 5 151 89 51
13 9 6 179 133 104
13 9 7 155 93 54
13 9 8 149 88 50
13 9 9 141 81 44
13 9 10 148 88 50
13 9 11 149 87 48
13 9 12 147 84 44
13 9 13 150 86 45
13 9 14 147 81 42
13 9 15 152 86 47
13 9 16 152 86 45
13 9 17 161 95 53
13 9 18 152 86 42
13 9 19 156 87 43
13 10 2 155 91 51
13 10 3 173 127 98
13 10 4 148 87 48
13 10 5 149 88 50
13 10 6 155 94 56
13 10 7 146 84 43
13 10 8 148 86 48
13 10 9 153 87 47
13 10 10 146 79 41
13 10 11 158 92 49
13 10 12 155 89 48
13 10 13 156 90 46
13 10 14 149 82 41
13 11 0 175 129 100
13 11 1 205 173 153
13 11 2 156 91 52
13 11 3 145 83 43
13 11 4 158 95 54
13 11 5 149 83 44
13 11 6 156 89 49
13 11 7 156 89 49
13 11 8 147 79 41
13 11 9 180 128 97
13 12 0 153 85 43
13 12 1 150 81 40
13 12 2 152 85 47
13 12 3 148 82 42
13 18 0 148 86 48
13 18 1 203 171 152
13 18 2 177 130 100
13 18 3 151 88 50
13 18 4 152 89 50
13 18 5 152 89 50
13 19 0 142 82 41
13 19 1 153 92 51
13 19 2 145 84 47
13 19 3 154 92 55
13 19 4 151 90 53
13 19 5 152 89 50
13 19 6 203 171 152
13 19 7 177 130 100
13 19 8 177 130 100
13 19 9 177 130 100
13 19 10 177 130 100
13 19 11 151 88 49
13 19 12 151 88 49
13 19 13 151 89 49
13 20 0 161 89 44
13 20 1 162 91 48
13 20 2 150 89 49
13 20 3 143 83 43
13 20 4 147 86 45
13 20 5 150 89 46
13 20 6 144 83 43
13 20 7 151 89 51
13 20 8 146 86 50
13 20 9 148 87 49
13 20 10 153 92 53
13 20 11 155 93 55
13 20 12 156 95 55
13 20 13 151 89 49
13 20 14 151 89 49
13 20 15 151 90 50
13 20 16 152 90 50
13 20 17 152 90 50
13 20 18 152 90 50
13 20 19 152 91 50
13 20 20 152 91 50
13 21 5 152 82 40
13 21 6 158 90 48
13 21 7 150 89 48
13 21 8 148 87 47
13 21 9 151 90 49
13 21 10 150 86 44
13 21 11 150 89 48
13 21 12 149 87 46
13 21 13 151 90 52
13 21 14 157 96 56
13 21 15 150 90 53
13 21 16 149 88 50
13 21 17 155 94 55
13 21 18 156 94 56
13 21 19 157 95 54
13 21 20 155 92 52
13 21 21 153 91 50
13 21 22 153 91 50
13 21 23 153 92 51
13 21 24 153 92 51
13 21 25 153 92 51
13 21 26 154 92 52
13 21 27 154 92 52
13 21 28 201 171 151
13 22 9 160 88 45
13 22 10 159 89 46
13 22 11 149 86 46
13 22 12 145 84 43
13 22 13 154 91 51
13 22 14 151 90 50
13 22 15 151 89 49
13 22 16 143 81 42
13 22 17 150 89 48
13 22 18 148 87 47
13 22 19 148 87 49
13 22 20 157 96 56
13 22 21 151 90 51
13 22 22 149 89 52
13 22 23 148 88 50
13 22 24 154 93 55
13 22 25 154 92 54
13 22 26 157 94 54
13 22 27 158 96 55
13 22 28 154 93 52
13 22 29 202 171 151
13 22 30 202 171 151
13 22 31 202 171 151
13 23 13 149 80 40
13 23 14 147 78 38
13 23 15 145 76 36
13 23 16 148 80 40
13 23 17 149 81 41
13 23 18 149 87 46
13 23 19 149 88 48
13 23 20 149 88 47
13 23 21 151 87 46
13 23 22 148 86 45
13 23 23 152 90 49
13 23 24 151 90 49
13 23 25 145 84 46
13 23 26 145 84 47
13 23 27 155 93 53
13 23 28 146 85 48
13 23 29 145 85 49
13 23 30 150 90 52
13 23 31 155 94 55
13 24 17 151 82 42
13 24 18 149 81 41
13 24 19 151 82 42
13 24 20 153 88 46
13 24 21 155 94 52
13 24 22 148 86 45
13 24 23 153 92 51
13 24 24 146 85 46
13 24 25 150 89 48
13 24 26 151 90 49
13 24 27 149 86 46
13 24 28 146 85 44
13 24 29 146 86 45
13 24 30 152 90 49
13 24 31 152 90 49
13 25 21 160 91 50
13 25 22 158 89 48
13 25 23 158 89 48
13 25 24 153 88 47
13 25 25 149 85 45
13 25 26 150 89 48
13 25 27 150 88 47
13 25 28 151 90 49
13 25 29 147 86 46
13 25 30 151 90 49
13 25 31 154 92 51
13 26 25 161 92 51
13 26 26 158 89 48
13 26 27 153 84 44
13 26 28 153 84 44
13 26 29 157 94 53
13 26 30 152 87 46
13 26 31 153 93 49
13 27 29 156 87 46
13 27 30 153 84 43
13 27 31 152 83 43
14 2 29 148 87 49
14 2 30 148 87 49
14 2 31 150 89 50
14 3 25 145 84 47
14 3 26 145 84 47
14 3 27 148 87 49
14 3 28 148 87 49
14 3 29 147 86 48
14 3 30 146 85 47
14 3 31 148 87 48
14 4 22 146 85 46
14 4 23 146 85 46
14 4 24 145 84 47
14 4 25 145 84 47
14 4 26 143 83 46
14 4 27 146 86 47
14 4 28 148 87 49
14 4 29 157 95 54
14 4 30 151 90 50
14 4 31 150 89 49
14 5 19 174 128 99
14 5 20 174 128 99
14 5 21 146 85 46
14 5 22 146 85 46
14 5 23 145 84 47
14 5 24 146 86 48
14 5 25 148 86 48
14 5 26 153 92 51
14 5 27 148 88 52
14 5 28 152 90 50
14 5 29 158 95 52
14 5 30 139 77 40
14 5 31 153 88 49
14 6 15 178 131 102
14 6 16 151 89 49
14 6 17 177 130 101
14 6 18 177 130 101
14 6 19 148 87 48
14 6 20 149 88 49
14 6 21 148 87 46
14 6 22 152 91 50
14 6 23 149 87 48
14 6 24 156 94 51
14 6 25 157 95 52
14 6 26 150 86 48
14 6 27 154 87 47
14 6 28 148 83 45
14 6 29 149 84 49
14 6 30 155 88 49
14 6 31 153 88 48
14 7 12 202 171 152
14 7 13 203 172 152
14 7 14 178 131 102
14 7 15 152 90 49
14 7 16 155 93 53
14 7 17 154 92 52
14 7 18 151 90 49
14 7 19 148 87 48
14 7 20 153 91 50
14 7 21 151 86 49
14 7 22 154 92 53
14 7 23 153 87 47
14 7 24 152 87 49
14 7 25 148 84 47
14 7 26 152 87 47
14 7 27 158 93 52
14 7 28 154 89 49
14 7 29 146 83 44
14 7 30 156 89 48
14 8 8 150 88 49
14 8 9 149 87 48
14 8 10 202 171 152
14 8 11 202 171 152
14 8 12 150 88 47
14 8 13 153 91 50
14 8 14 152 91 50
14 8 15 153 91 51
14 8 16 157 96 56
14 8 17 157 95 51
14 8 18 153 90 52
14 8 19 154 87 47
14 8 20 151 86 49
14 8 21 151 87 47
14 8 22 152 87 48
14 8 23 157 92 52
14 8 24 153 87 47
14 8 25 158 90 49
14 9 5 146 85 48
14 9 6 148 87 49
14 9 7 150 89 50
14 9 8 150 88 49
14 9 9 152 89 50
14 9 10 150 89 48
14 9 11 156 94 54
14 9 12 150 88 47
14 9 13 153 87 51
14 9 14 145 81 45
14 9 15 151 85 47
14 9 16 148 84 45
14 9 17 153 88 48
14 9 18 155 90 50
14 9 19 149 85 46
14 9 20 180 130 99
14 10 1 169 124 97
14 10 2 169 123 96
14 10 3 141 80 44
14 10 4 144 83 46
14 10 5 151 90 52
14 10 6 150 85 48
14 10 7 149 88 48
14 10 8 154 92 50
14 10 9 156 90 54
14 10 10 154 89 50
14 10 11 155 87 46
14 10 12 153 87 47
14 10 13 152 87 48
14 10 14 155 88 47
14 11 0 198 168 151
14 11 1 138 79 43
14 11 2 149 88 47
14 11 3 153 92 52
14 11 4 154 90 49
14 11 5 147 83 43
14 11 6 152 86 45
14 11 7 152 85 45
14 11 8 147 82 43
14 11 9 156 87 46
14 12 0 145 82 45
14 12 1 148 82 45
14 12 2 159 93 51
14 12 3 157 90 45
14 12 4 151 82 43
14 18 0 152 90 50
14 18 1 152 91 50
14 18 2 153 91 50
14 18 3 153 92 51
14 18 4 153 92 51
14 18 5 201 171 151
14 18 6 201 171 151
14 19 0 152 91 50
14 19 1 147 86 48
14 19 2 151 90 51
14 19 3 150 90 51
14 19 4 154 92 54
14 19 5 157 94 53
14 19 6 202 171 151
14 19 7 202 171 151
14 19 8 202 171 151
14 19 9 202 171 151
14 19 10 202 171 151
14 19 11 202 171 152
14 19 12 202 171 152
14 19 13 202 171 152
14 20 0 151 82 42
14 20 1 151 82 42
14 20 2 155 94 52
14 20 3 153 92 51
14 20 4 150 89 48
14 20 5 144 83 42
14 20 6 153 91 49
14 20 7 147 86 49
14 20 8 155 93 53
14 20 9 144 84 49
14 20 10 150 90 52
14 20 11 152 89 53
14 20 12 158 96 55
14 20 13 154 91 52
14 20 14 202 171 152
14 20 15 202 171 152
14 20 16 202 171 152
14 20 17 202 171 152
14 20 18 202 171 152
14 20 19 202 171 152
14 20 20 202 171 152
14 20 21 202 171 152
14 21 4 161 92 51
14 21 5 156 87 47
14 21 6 157 94 53
14 21 7 147 86 46
14 21 8 149 88 48
14 21 9 149 88 48
14 21 10 149 87 46
14 21 11 147 85 44
14 21 12 150 88 47
14 21 13 142 81 43
14 21 14 148 88 50
14 21 15 151 88 50
14 21 16 143 84 48
14 21 17 153 92 55
14 21 18 151 88 51
14 21 19 157 94 53
14 21 20 156 93 53
14 21 21 202 171 152
14 21 22 202 171 152
14 21 23 202 171 152
14 21 24 202 171 152
14 21 25 202 171 152
14 21 26 202 171 152
14 21 27 202 171 152
14 21 28 202 171 152
14 22 9 148 80 40
14 22 10 147 79 41
14 22 11 159 96 55
14 22 12 151 90 48
14 22 13 149 87 47
14 22 14 150 89 49
14 22 15 151 90 49
14 22 16 149 87 47
14 22 17 148 88 46
14 22 18 152 88 48
14 22 19 143 81 43
14 22 20 147 87 49
14 22 21 154 92 53
14 22 22 149 87 49
14 22 23 144 84 50
14 22 24 150 88 53
14 22 25 150 88 49
14 22 26 156 93 53
14 22 27 158 94 53
14 22 28 153 90 51
14 22 29 202 171 152
14 22 30 202 171 152
14 22 31 202 171 152
14 23 13 149 82 43
14 23 14 150 83 46
14 23 15 153 86 45
14 23 16 154 89 47
14 23 17 150 89 49
14 23 18 150 88 47
14 23 19 155 93 53
14 23 20 152 91 50
14 23 21 145 85 45
14 23 22 149 87 46
14 23 23 147 86 46
14 23 24 150 87 47
14 23 25 144 82 44
14 23 26 147 86 48
14 23 27 152 90 53
14 23 28 152 90 51
14 23 29 151 87 51
14 23 30 144 83 48
14 23 31 149 88 52
14 24 17 153 87 48
14 24 18 153 86 48
14 24 19 149 82 44
14 24 20 153 88 47
14 24 21 151 87 47
14 24 22 150 88 49
14 24 23 151 88 48
14 24 24 155 94 54
14 24 25 149 87 48
14 24 26 152 91 51
14 24 27 152 91 51
14 24 28 150 88 48
14 24 29 149 87 47
14 24 30 150 86 47
14 24 31 150 87 48
14 25 21 150 84 44
14 25 22 149 82 44
14 25 23 147 80 42
14 25 24 154 88 47
14 25 25 155 91 49
14 25 26 147 84 46
14 25 27 143 78 39
14 25 28 152 90 49
14 25 29 155 93 53
14 25 30 152 91 51
14 25 31 151 90 50
14 26 25 152 85 44
14 26 26 151 83 44
14 26 27 150 82 43
14 26 28 149 81 42
14 26 29 151 86 45
14 26 30 155 91 50
14 26 31 147 86 47
14 27 29 154 86 45
14 27 30 153 85 44
14 27 31 152 83 44
15 2 29 158 94 52
15 2 30 158 94 52
15 2 31 158 94 52
15 3 25 158 94 52
15 3 26 158 94 52
15 3 27 158 94 52
15 3 28 158 94 52
15 3 29 159 97 52
15 3 30 158 96 51
15 3 31 158 96 52
15 4 22 158 94 52
15 4 23 158 94 52
15 4 24 158 94 52
15 4 25 158 94 52
15 4 26 158 96 52
15 4 27 158 96 52
15 4 28 160 97 53
15 4 29 150 88 48
15 4 30 153 91 51
15 4 31 155 93 53
15 5 19 158 94 52
15 5 20 158 94 52
15 5 21 158 94 52
15 5 22 158 94 52
15 5 23 158 96 51
15 5 24 159 96 52
15 5 25 157 94 51
15 5 26 150 89 49
15 5 27 151 90 50
15 5 28 155 94 51
15 5 29 154 92 50
15 5 30 145 83 44
15 5 31 152 91 52
15 6 15 158 94 52
15 6 16 158 94 52
15 6 17 158 94 52
15 6 18 158 94 52
15 6 19 158 96 52
15 6 20 158 96 52
15 6 21 157 94 51
15 6 22 150 89 49
15 6 23 151 90 50
15 6 24 155 94 51
15 6 25 154 92 50
15 6 26 143 80 43
15 6 27 147 84 48
15 6 28 148 82 41
15 6 29 151 85 44
15 6 30 152 86 45
15 6 31 153 87 45
15 7 12 158 94 52
15 7 13 158 94 52
15 7 14 158 94 52
15 7 15 159 97 52
15 7 16 158 96 51
15 7 17 160 97 53
15 7 18 150 89 49
15 7 19 151 90 50
15 7 20 152 91 49
15 7 21 157 95 52
15 7 22 153 91 50
15 7 23 149 82 42
15 7 24 150 84 43
15 7 25 152 86 44
15 7 26 153 87 45
15 7 27 154 88 46
15 7 28 156 90 48
15 7 29 156 90 48
15 7 30 150 84 41
15 7 31 155 89 46
15 8 8 158 94 52
15 8 9 158 94 52
15 8 10 158 94 52
15 8 11 158 94 52
15 8 12 159 96 52
15 8 13 158 96 52
15 8 14 150 88 48
15 8 15 152 90 51
15 8 16 155 94 53
15 8 17 154 92 50
15 8 18 153 91 50
15 8 19 149 82 42
15 8 20 150 84 43
15 8 21 152 86 45
15 8 22 153 87 45
15 8 23 155 89 47
15 8 24 156 90 48
15 8 25 151 85 42
15 8 26 155 89 46
15 8 27 163 96 53
15 8 28 161 95 51
15 8 29 156 90 46
15 8 30 155 89 46
15 8 31 157 91 48
15 9 5 158 94 52
15 9 6 158 94 52
15 9 7 158 94 52
15 9 8 158 94 52
15 9 9 158 96 51
15 9 10 157 94 51
15 9 11 152 90 51
15 9 12 155 94 51
15 9 13 157 95 52
15 9 14 147 84 48
15 9 15 148 82 41
15 9 16 152 86 44
15 9 17 153 87 45
15 9 18 155 89 47
15 9 19 156 90 48
15 9 20 150 84 41
15 9 21 159 93 49
15 9 22 163 97 53
15 9 23 156 90 46
15 9 24 155 89 46
15 9 25 157 91 48
15 9 26 162 96 54
15 9 27 160 95 53
15 9 28 158 92 51
15 9 29 157 92 50
15 9 30 159 93 51
15 9 31 159 94 52
15 10 1 158 94 52
15 10 2 158 94 52
15 10 3 158 94 52
15 10 4 158 94 52
15 10 5 158 96 51
15 10 6 160 97 53
15 10 7 152 90 51
15 10 8 152 91 49
15 10 9 143 80 43
15 10 10 143 77 39
15 10 11 151 85 44
15 10 12 153 87 45
15 10 13 155 89 47
15 10 14 156 90 48
15 10 15 151 85 42
15 10 16 163 96 53
15 10 17 159 92 49
15 10 18 155 89 46
15 10 19 157 91 48
15 10 20 161 96 54
15 10 21 159 94 52
15 10 22 157 92 50
15 10 23 158 92 51
15 10 24 159 94 52
15 10 25 157 92 50
15 10 26 153 88 46
15 10 27 147 84 42
15 10 28 145 84 41
15 10 29 149 87 45
15 10 30 153 91 48
15 10 31 154 92 49
15 11 0 158 94 52
15 11 1 159 97 52
15 11 2 159 97 52
15 11 3 152 90 51
15 11 4 151 88 48
15 11 5 152 91 52
15 11 6 149 83 42
15 11 7 153 87 45
15 11 8 155 89 47
15 11 9 153 87 44
15 11 10 155 89 46
15 11 11 163 97 53
15 11 12 155 89 46
15 11 13 157 91 48
15 11 14 161 96 54
15 11 15 158 92 51
15 11 16 157 92 50
15 11 17 159 94 52
15 11 18 157 92 50
15 11 19 153 88 46
15 11 20 147 84 42
15 11 21 147 85 43
15 11 22 153 91 48
15 11 23 154 92 49
15 11 24 152 90 48
15 11 25 148 86 44
15 11 26 152 90 47
15 11 27 159 96 53
15 11 28 159 96 54
15 11 29 156 94 51
15 11 30 157 95 52
15 11 31 158 95 52
15 12 0 155 94 53
15 12 1 143 77 39
15 12 2 152 86 45
15 12 3 154 88 46
15 12 4 151 85 42
15 12 5 159 93 49
15 12 6 156 90 46
15 12 7 157 91 48
15 12 8 161 96 54
15 12 9 157 92 50
15 12 10 159 93 51
15 12 11 157 92 50
15 12 12 153 88 46
15 12 13 145 84 41
15 12 14 149 87 45
15 12 15 154 92 49
15 12 16 149 87 44
15 12 17 152 90 47
15 12 18 155 93 50
15 12 19 159 96 54
15 12 20 156 94 51
15 12 21 157 95 52
15 12 22 158 96 53
15 12 23 155 93 50
15 12 24 151 89 46
15 12 25 145 83 41
15 12 26 147 85 42
15 12 27 149 87 44
15 12 28 149 87 44
15 12 29 148 86 43
15 12 30 145 83 41
15 12 31 142 81 39
15 13 0 159 93 49
15 13 1 156 90 47
15 13 2 160 95 53
15 13 3 158 92 51
15 13 4 159 94 52
15 13 5 150 86 44
15 13 6 147 85 43
15 13 7 155 93 50
15 13 8 149 87 44
15 13 9 155 93 50
15 13 10 159 96 54
15 13 11 156 94 51
15 13 12 158 95 52
15 13 13 155 93 50
15 13 14 148 86 43
15 13 15 145 83 41
15 13 16 149 87 44
15 13 17 149 87 44
15 13 18 145 83 41
15 13 19 142 81 39
15 13 20 143 82 39
15 13 21 145 83 41
15 13 22 146 81 43
15 13 23 150 85 46
15 13 24 154 89 50
15 13 25 154 89 50
15 13 26 155 90 51
15 13 27 157 91 52
15 13 28 155 90 51
15 13 29 154 89 50
15 13 30 154 89 50
15 13 31 154 89 50
15 14 0 152 90 48
15 14 1 159 96 53
15 14 2 157 95 52
15 14 3 155 93 50
15 14 4 148 86 43
15 14 5 149 87 44
15 14 6 148 86 43
15 14 7 142 81 39
15 14 8 145 83 41
15 14 9 145 82 42
15 14 10 150 85 46
15 14 11 154 89 50
15 14 12 157 91 52
15 14 13 155 90 51
15 14 14 154 89 50
15 14 15 154 89 50
15 14 16 155 90 51
15 14 17 158 92 53
15 14 18 159 94 55
15 14 19 158 93 54
15 14 20 156 91 52
15 14 21 156 91 52
15 14 22 153 88 49
15 14 23 150 85 45
15 14 24 148 82 42
15 14 25 148 82 42
15 14 26 147 81 40
15 14 27 147 81 40
15 14 28 147 81 40
15 14 29 147 81 40
15 14 30 147 82 40
15 14 31 147 82 40
15 15 0 155 90 51
15 15 1 159 94 55
15 15 2 156 91 52
15 15 3 150 85 45
15 15 4 148 82 42
15 15 5 147 81 40
15 15 6 147 81 40
15 15 7 147 82 40
15 15 8 148 83 41
15 15 9 148 82 41
15 15 10 145 80 38
15 15 11 145 80 38
15 15 12 143 77 36
15 15 13 141 76 35
15 15 14 141 76 35
15 15 15 144 78 37
15 15 16 144 78 37
15 15 17 149 84 42
15 15 18 149 84 42
15 15 19 155 89 47
15 15 20 155 89 47
15 15 21 155 89 47
15 15 22 159 93 51
15 15 23 159 93 51
15 15 24 159 92 51
15 15 25 159 92 51
15 15 26 159 92 51
15 15 27 159 92 51
15 15 28 155 89 48
15 15 29 155 89 48
15 15 30 155 89 48
15 15 31 155 89 48
15 16 0 149 87 44
15 16 1 149 87 44
15 16 2 149 87 44
15 16 3 149 87 44
15 16 4 149 87 44
15 16 5 149 87 44
15 16 6 149 87 44
15 16 7 149 87 44
15 16 8 149 87 44
15 16 9 149 87 44
15 16 10 149 87 44
15 16 11 149 87 44
15 16 12 149 87 44
15 16 13 149 87 44
15 16 14 149 87 44
15 16 15 149 87 44
15 16 16 149 87 44
15 16 17 149 87 44
15 16 18 149 87 44
15 16 19 149 87 44
15 16 20 149 87 44
15 16 21 149 87 44
15 16 22 149 87 44
15 16 23 149 87 44
15 16 24 149 87 44
15 16 25 149 87 44
15 16 26 149 87 44
15 16 27 149 87 44
15 16 28 149 87 44
15 16 29 149 87 44
15 16 30 149 87 44
15 16 31 149 87 44
15 17 0 162 97 55
15 17 1 162 97 55
15 17 2 164 98 56
15 17 3 163 97 55
15 17 4 161 95 53
15 17 5 157 91 50
15 17 6 156 91 49
15 17 7 155 91 49
15 17 8 155 91 49
15 17 9 154 91 50
15 17 10 155 92 51
15 17 11 157 94 53
15 17 12 157 94 53
15 17 13 159 97 55
15 17 14 161 99 57
15 17 15 161 99 57
15 17 16 163 101 59
15 17 17 163 101 59
15 17 18 163 101 59
15 17 19 165 102 60
15 17 20 165 102 60
15 17 21 165 102 60
15 17 22 165 102 60
15 17 23 165 102 60
15 17 24 164 101 60
15 17 25 164 101 60
15 17 26 164 101 60
15 17 27 162 99 58
15 17 28 162 99 58
15 17 29 162 99 58
15 17 30 162 99 58
15 17 31 160 97 56
15 18 0 151 85 42
15 18 1 153 88 44
15 18 2 155 89 46
15 18 3 152 86 42
15 18 4 156 88 43
15 18 5 156 88 43
15 18 6 152 85 40
15 18 7 155 87 42
15 18 8 157 89 44
15 18 9 161 93 48
15 18 10 166 97 52
15 18 11 168 100 54
15 18 12 164 97 54
15 18 13 161 95 53
15 18 14 164 98 56
15 18 15 163 97 55
15 18 16 162 97 55
15 18 17 162 97 55
15 18 18 162 97 55
15 18 19 162 97 55
15 18 20 163 98 56
15 18 21 164 98 56
15 18 22 163 97 55
15 18 23 163 97 55
15 18 24 161 95 53
15 18 25 161 95 53
15 18 26 158 93 51
15 18 27 157 91 50
15 18 28 157 91 50
15 18 29 156 91 49
15 18 30 156 91 49
15 18 31 155 91 49
15 19 0 148 86 47
15 19 1 147 82 43
15 19 2 152 87 48
15 19 3 148 83 44
15 19 4 144 79 40
15 19 5 151 86 46
15 19 6 144 80 40
15 19 7 150 84 41
15 19 8 151 85 42
15 19 9 151 85 42
15 19 10 153 88 44
15 19 11 155 89 46
15 19 12 153 88 44
15 19 13 152 86 42
15 19 14 156 88 43
15 19 15 158 90 45
15 19 16 156 88 43
15 19 17 154 86 41
15 19 18 152 85 40
15 19 19 155 87 42
15 19 20 157 89 44
15 19 21 159 91 46
15 19 22 161 93 48
15 19 23 163 95 50
15 19 24 166 97 52
15 19 25 168 100 54
15 19 26 164 97 54
15 19 27 161 95 53
15 19 28 161 95 53
15 19 29 162 97 55
15 19 30 164 98 56
15 19 31 163 97 55
15 20 0 145 75 35
15 20 1 148 81 41
15 20 2 149 84 44
15 20 3 154 91 49
15 20 4 151 90 50
15 20 5 148 86 45
15 20 6 150 87 48
15 20 7 147 82 43
15 20 8 153 88 48
15 20 9 148 83 43
15 20 10 148 83 44
15 20 11 144 79 40
15 20 12 147 83 43
15 20 13 152 87 48
15 20 14 144 80 40
15 20 15 150 84 41
15 20 16 151 85 42
15 20 17 151 85 42
15 20 18 151 85 42
15 20 19 153 88 44
15 20 20 155 89 46
15 20 21 155 89 46
15 20 22 153 88 44
15 20 23 152 86 42
15 20 24 154 87 42
15 20 25 156 88 43
15 20 26 157 90 44
15 20 27 156 88 43
15 20 28 154 86 41
15 20 29 152 85 40
15 20 30 153 85 41
15 20 31 155 87 42
15 21 4 145 75 34
15 21 5 148 78 37
15 21 6 157 90 50
15 21 7 149 84 44
15 21 8 154 91 49
15 21 9 154 93 53
15 21 10 149 87 47
15 21 11 148 86 45
15 21 12 150 87 48
15 21 13 150 85 46
15 21 14 148 83 44
15 21 15 151 86 46
15 21 16 144 80 40
15 21 17 148 83 44
15 21 18 144 79 40
15 21 19 144 79 40
15 21 20 151 86 46
15 21 21 147 83 43
15 21 22 147 82 40
15 21 23 150 84 41
15 21 24 151 85 42
15 21 25 151 86 42
15 21 26 151 85 42
15 21 27 152 86 43
15 21 28 153 88 44
15 21 29 155 89 46
15 21 30 155 89 46
15 21 31 153 88 44
15 22 9 146 76 36
15 22 10 150 80 40
15 22 11 149 84 45
15 22 12 142 80 42
15 22 13 154 91 49
15 22 14 156 95 55
15 22 15 152 91 51
15 22 16 145 83 43
15 22 17 148 86 45
15 22 18 148 85 46
15 22 19 150 85 46
15 22 20 148 83 44
15 22 21 152 87 48
15 22 22 148 83 43
15 22 23 146 82 42
15 22 24 148 83 44
15 22 25 144 79 40
15 22 26 144 79 40
15 22 27 147 83 43
15 22 28 152 87 48
15 22 29 144 80 40
15 22 30 147 82 40
15 22 31 150 84 41
15 23 13 145 75 35
15 23 14 148 78 37
15 23 15 148 81 41
15 23 16 149 86 47
15 23 17 142 80 42
15 23 18 155 92 49
15 23 19 151 90 49
15 23 20 151 90 50
15 23 21 149 87 47
15 23 22 148 86 45
15 23 23 148 86 47
15 23 24 148 85 46
15 23 25 150 85 46
15 23 26 144 80 41
15 23 27 153 88 48
15 23 28 151 86 46
15 23 29 144 80 40
15 23 30 148 83 44
15 23 31 148 83 44
15 24 17 145 75 35
15 24 18 147 77 36
15 24 19 151 80 41
15 24 20 157 88 48
15 24 21 151 86 46
15 24 22 142 80 42
15 24 23 155 92 49
15 24 24 151 90 49
15 24 25 154 93 53
15 24 26 151 89 49
15 24 27 145 83 43
15 24 28 148 86 45
15 24 29 148 86 47
15 24 30 148 85 46
15 24 31 150 85 46
15 25 21 145 75 35
15 25 22 147 77 36
15 25 23 151 80 41
15 25 24 157 88 48
15 25 25 149 86 47
15 25 26 149 84 44
15 25 27 146 85 45
15 25 28 154 91 49
15 25 29 156 95 55
15 25 30 151 90 50
15 25 31 151 89 49
15 26 25 145 75 34
15 26 26 146 76 36
15 26 27 149 79 39
15 26 28 150 80 40
15 26 29 157 90 50
15 26 30 149 86 47
15 26 31 142 80 42
15 27 29 145 76 34
15 27 30 145 75 35
15 27 31 147 77 36
16 2 29 155 90 50
16 2 30 155 90 50
16 2 31 155 90 50
16 3 25 153 88 48
16 3 26 153 88 48
16 3 27 153 88 48
16 3 28 155 90 50
16 3 29 156 90 51
16 3 30 155 90 50
16 3 31 152 89 49
16 4 22 152 86 47
16 4 23 152 86 47
16 4 24 152 86 47
16 4 25 153 88 48
16 4 26 152 86 47
16 4 27 150 85 46
16 4 28 151 88 49
16 4 29 149 87 46
16 4 30 147 85 45
16 4 31 151 89 48
16 5 19 148 81 41
16 5 20 148 81 41
16 5 21 148 81 41
16 5 22 152 86 47
16 5 23 149 83 44
16 5 24 147 82 44
16 5 25 149 86 47
16 5 26 144 82 42
16 5 27 150 88 47
16 5 28 153 91 51
16 5 29 154 89 50
16 5 30 160 95 54
16 5 31 156 91 51
16 6 15 173 124 93
16 6 16 173 124 93
16 6 17 172 124 93
16 6 18 172 124 93
16 6 19 146 81 40
16 6 20 149 82 42
16 6 21 151 84 44
16 6 22 144 83 42
16 6 23 149 87 46
16 6 24 152 90 50
16 6 25 155 90 50
16 6 26 149 84 47
16 6 27 150 85 46
16 6 28 151 85 46
16 6 29 149 86 48
16 6 30 154 88 49
16 6 31 159 93 51
16 7 12 200 167 147
16 7 13 149 83 42
16 7 14 173 124 93
16 7 15 146 80 39
16 7 16 148 82 41
16 7 17 153 84 43
16 7 18 146 84 44
16 7 19 149 87 46
16 7 20 158 96 54
16 7 21 157 92 50
16 7 22 152 86 48
16 7 23 147 81 43
16 7 24 156 90 51
16 7 25 154 90 51
16 7 26 159 95 53
16 7 27 153 88 49
16 7 28 155 90 51
16 7 29 154 87 48
16 7 30 151 86 47
16 7 31 153 88 48
16 8 8 199 166 146
16 8 9 199 166 146
16 8 10 199 166 146
16 8 11 200 167 146
16 8 12 146 80 39
16 8 13 150 83 42
16 8 14 148 86 46
16 8 15 151 89 48
16 8 16 147 85 46
16 8 17 155 90 51
16 8 18 150 85 48
16 8 19 148 81 43
16 8 20 155 88 50
16 8 21 156 90 51
16 8 22 160 94 52
16 8 23 153 88 49
16 8 24 153 87 48
16 8 25 151 88 49
16 8 26 153 88 48
16 8 27 157 92 52
16 8 28 157 92 52
16 8 29 156 91 51
16 8 30 157 92 52
16 8 31 155 90 50
16 9 5 146 80 39
16 9 6 145 79 38
16 9 7 144 78 37
16 9 8 199 166 146
16 9 9 148 82 41
16 9 10 150 81 41
16 9 11 148 86 46
16 9 12 153 90 49
16 9 13 156 91 50
16 9 14 154 89 50
16 9 15 150 83 45
16 9 16 153 89 50
16 9 17 160 94 53
16 9 18 152 87 48
16 9 19 153 86 48
16 9 20 153 88 50
16 9 21 155 90 50
16 9 22 157 92 52
16 9 23 156 91 51
16 9 24 157 92 52
16 9 25 155 90 50
16 9 26 153 88 47
16 9 27 152 87 46
16 9 28 150 85 44
16 9 29 149 84 43
16 9 30 150 85 44
16 9 31 152 87 46
16 10 1 180 128 97
16 10 2 179 128 95
16 10 3 153 84 42
16 10 4 148 82 41
16 10 5 150 84 43
16 10 6 150 82 41
16 10 7 147 85 44
16 10 8 155 93 51
16 10 9 156 91 50
16 10 10 144 80 41
16 10 11 155 90 51
16 10 12 157 94 53
16 10 13 153 88 50
16 10 14 153 86 47
16 10 15 151 86 46
16 10 16 157 92 52
16 10 17 156 91 51
16 10 18 157 92 52
16 10 19 155 90 50
16 10 20 153 88 47
16 10 21 151 86 45
16 10 22 149 84 43
16 10 23 150 85 43
16 10 24 151 86 44
16 10 25 153 88 46
16 10 26 154 89 47
16 10 27 153 88 47
16 10 28 150 86 44
16 10 29 151 86 44
16 10 30 153 88 46
16 10 31 156 91 49
16 11 0 202 168 148
16 11 1 179 128 96
16 11 2 152 81 40
16 11 3 147 83 43
16 11 4 153 91 49
16 11 5 153 89 50
16 11 6 154 87 48
16 11 7 154 89 51
16 11 8 149 84 47
16 11 9 154 88 49
16 11 10 153 88 48
16 11 11 157 92 52
16 11 12 157 92 52
16 11 13 155 90 50
16 11 14 153 88 47
16 11 15 150 85 44
16 11 16 149 84 43
16 11 17 151 86 44
16 11 18 153 88 46
16 11 19 154 89 47
16 11 20 153 88 47
16 11 21 150 85 43
16 11 22 153 88 46
16 11 23 156 91 49
16 11 24 156 91 49
16 11 25 154 89 47
16 11 26 153 88 46
16 11 27 153 88 47
16 11 28 154 89 47
16 11 29 156 91 49
16 11 30 156 91 49
16 11 31 157 91 50
16 12 0 149 84 45
16 12 1 150 86 48
16 12 2 147 82 45
16 12 3 149 85 49
16 12 4 156 89 50
16 12 5 155 90 50
16 12 6 156 91 51
16 12 7 155 90 50
16 12 8 153 88 47
16 12 9 149 84 43
16 12 10 150 85 44
16 12 11 153 88 46
16 12 12 154 89 47
16 12 13 150 86 44
16 12 14 151 86 44
16 12 15 156 91 49
16 12 16 155 90 48
16 12 17 153 88 46
16 12 18 152 87 46
16 12 19 154 89 47
16 12 20 156 91 49
16 12 21 156 91 49
16 12 22 156 91 49
16 12 23 155 90 49
16 12 24 156 91 49
16 12 25 158 93 51
16 12 26 158 92 51
16 12 27 157 92 50
16 12 28 156 91 50
16 12 29 156 91 49
16 12 30 155 90 48
16 12 31 154 89 47
16 13 0 155 90 50
16 13 1 157 91 52
16 13 2 152 87 46
16 13 3 150 85 43
16 13 4 152 87 46
16 13 5 154 89 47
16 13 6 150 85 43
16 13 7 155 89 48
16 13 8 155 90 48
16 13 9 152 87 46
16 13 10 154 89 47
16 13 11 156 91 49
16 13 12 157 91 50
16 13 13 155 90 49
16 13 14 157 92 50
16 13 15 158 93 51
16 13 16 157 92 50
16 13 17 156 91 50
16 13 18 155 90 48
16 13 19 154 89 47
16 13 20 152 87 46
16 13 21 151 86 44
16 13 22 153 88 46
16 13 23 155 89 47
16 13 24 155 89 47
16 13 25 155 89 47
16 13 26 155 89 48
16 13 27 156 90 48
16 13 28 156 90 49
16 13 29 156 90 49
16 13 30 156 90 48
16 13 31 156 90 48
16 14 0 156 91 49
16 14 1 153 88 47
16 14 2 156 91 49
16 14 3 155 90 49
16 14 4 157 92 50
16 14 5 157 92 50
16 14 6 156 91 49
16 14 7 154 89 47
16 14 8 151 86 44
16 14 9 151 86 45
16 14 10 155 89 47
16 14 11 155 89 47
16 14 12 156 90 48
16 14 13 156 90 49
16 14 14 156 90 49
16 14 15 156 90 48
16 14 16 156 90 48
16 14 17 156 90 48
16 14 18 156 90 48
16 14 19 156 89 48
16 14 20 155 89 47
16 14 21 155 89 47
16 14 22 153 87 46
16 14 23 152 86 45
16 14 24 154 88 47
16 14 25 154 88 47
16 14 26 156 90 48
16 14 27 156 90 48
16 14 28 155 89 48
16 14 29 155 89 48
16 14 30 155 89 48
16 14 31 155 89 48
16 15 0 156 90 48
16 15 1 156 90 48
16 15 2 155 89 47
16 15 3 152 86 45
16 15 4 154 88 47
16 15 5 156 90 48
16 15 6 155 89 48
16 15 7 155 89 48
16 15 8 158 92 50
16 15 9 159 93 51
16 15 10 159 92 51
16 15 11 159 92 51
16 15 12 159 93 51
16 15 13 159 93 51
16 15 14 159 93 51
16 15 15 160 94 52
16 15 16 160 94 52
16 15 17 161 95 53
16 15 18 161 95 53
16 15 19 160 94 52
16 15 20 160 94 52
16 15 21 160 94 52
16 15 22 158 92 50
16 15 23 158 92 50
16 15 24 157 91 49
16 15 25 157 91 49
16 15 26 157 91 49
16 15 27 157 91 49
16 15 28 158 92 50
16 15 29 158 92 50
16 15 30 158 92 50
16 15 31 158 92 50
16 16 0 157 91 49
16 16 1 157 91 49
16 16 2 157 91 49
16 16 3 157 91 49
16 16 4 157 91 49
16 16 5 157 91 49
16 16 6 157 91 49
16 16 7 157 91 49
16 16 8 157 91 49
16 16 9 157 91 49
16 16 10 157 91 49
16 16 11 157 91 49
16 16 12 157 91 49
16 16 13 157 91 49
16 16 14 157 91 49
16 16 15 157 91 49
16 16 16 157 91 49
16 16 17 157 91 49
16 16 18 157 91 49
16 16 19 157 91 49
16 16 20 157 91 49
16 16 21 157 91 49
16 16 22 157 91 49
16 16 23 157 91 49
16 16 24 157 91 49
16 16 25 157 91 49
16 16 26 157 91 49
16 16 27 157 91 49
16 16 28 157 91 49
16 16 29 157 91 49
16 16 30 157 91 49
16 16 31 157 91 49
16 17 0 152 91 51
16 17 1 152 91 51
16 17 2 154 93 53
16 17 3 155 93 53
16 17 4 155 93 53
16 17 5 154 93 53
16 17 6 155 93 53
16 17 7 156 94 53
16 17 8 156 94 53
16 17 9 156 94 53
16 17 10 155 93 52
16 17 11 156 93 51
16 17 12 156 93 51
16 17 13 156 93 51
16 17 14 156 93 51
16 17 15 156 93 51
16 17 16 156 93 51
16 17 17 156 93 51
16 17 18 156 93 51
16 17 19 157 93 51
16 17 20 157 93 51
16 17 21 157 92 50
16 17 22 157 92 50
16 17 23 157 92 50
16 17 24 157 92 49
16 17 25 157 92 49
16 17 26 157 92 49
16 17 27 157 93 48
16 17 28 157 93 48
16 17 29 157 93 48
16 17 30 157 93 48
16 17 31 157 93 48
16 18 0 155 90 48
16 18 1 155 90 48
16 18 2 155 90 48
16 18 3 154 89 47
16 18 4 204 172 151
16 18 5 204 172 151
16 18 6 204 171 151
16 18 7 152 91 51
16 18 8 153 92 51
16 18 9 153 91 51
16 18 10 151 90 50
16 18 11 151 90 50
16 18 12 151 90 50
16 18 13 152 91 51
16 18 14 153 92 52
16 18 15 153 91 51
16 18 16 153 91 51
16 18 17 152 91 51
16 18 18 152 91 51
16 18 19 152 91 51
16 18 20 153 92 52
16 18 21 154 93 53
16 18 22 155 93 53
16 18 23 155 93 53
16 18 24 155 93 53
16 18 25 155 93 53
16 18 26 154 93 53
16 18 27 154 93 53
16 18 28 154 93 53
16 18 29 155 93 53
16 18 30 155 93 53
16 18 31 156 94 53
16 19 0 154 91 50
16 19 1 151 88 47
16 19 2 150 86 46
16 19 3 152 89 48
16 19 4 156 94 56
16 19 5 155 92 50
16 19 6 153 88 46
16 19 7 204 171 151
16 19 8 204 171 151
16 19 9 204 171 151
16 19 10 204 171 151
16 19 11 204 171 151
16 19 12 204 172 151
16 19 13 204 172 151
16 19 14 151 90 50
16 19 15 151 90 50
16 19 16 150 89 49
16 19 17 150 88 49
16 19 18 150 89 49
16 19 19 152 91 51
16 19 20 153 92 51
16 19 21 153 92 51
16 19 22 153 91 51
16 19 23 152 91 50
16 19 24 151 90 50
16 19 25 151 90 50
16 19 26 151 90 50
16 19 27 152 91 51
16 19 28 152 91 51
16 19 29 153 91 51
16 19 30 153 92 52
16 19 31 153 91 51
16 20 0 145 80 38
16 20 1 144 78 37
16 20 2 151 86 47
16 20 3 148 88 53
16 20 4 154 91 51
16 20 5 151 88 48
16 20 6 149 84 44
16 20 7 146 84 44
16 20 8 147 85 46
16 20 9 151 90 51
16 20 10 153 91 52
16 20 11 159 97 57
16 20 12 159 94 52
16 20 13 153 88 47
16 20 14 204 172 151
16 20 15 204 172 151
16 20 16 204 172 151
16 20 17 204 172 151
16 20 18 204 172 151
16 20 19 204 172 152
16 20 20 204 172 152
16 20 21 204 172 152
16 20 22 149 87 46
16 20 23 149 87 47
16 20 24 150 89 48
16 20 25 151 90 50
16 20 26 150 89 49
16 20 27 150 89 49
16 20 28 150 88 49
16 20 29 150 89 49
16 20 30 151 90 50
16 20 31 152 91 51
16 21 4 155 89 48
16 21 5 151 84 43
16 21 6 148 80 41
16 21 7 144 79 42
16 21 8 140 78 40
16 21 9 153 91 50
16 21 10 151 85 46
16 21 11 148 83 44
16 21 12 152 87 48
16 21 13 152 88 48
16 21 14 148 84 45
16 21 15 151 89 49
16 21 16 144 86 49
16 21 17 151 90 51
16 21 18 154 92 51
16 21 19 157 93 52
16 21 20 156 91 49
16 21 21 154 89 48
16 21 22 203 172 152
16 21 23 203 172 152
16 21 24 203 172 152
16 21 25 203 172 152
16 21 26 203 172 152
16 21 27 203 172 152
16 21 28 204 172 152
16 21 29 149 87 47
16 21 30 149 87 46
16 21 31 149 87 46
16 22 9 148 81 43
16 22 10 148 81 43
16 22 11 150 84 45
16 22 12 147 85 48
16 22 13 148 81 42
16 22 14 151 88 48
16 22 15 151 90 49
16 22 16 149 85 45
16 22 17 151 86 47
16 22 18 144 82 43
16 22 19 152 89 48
16 22 20 147 84 45
16 22 21 146 84 47
16 22 22 146 86 49
16 22 23 147 87 49
16 22 24 148 86 49
16 22 25 151 89 48
16 22 26 156 93 52
16 22 27 157 93 52
16 22 28 153 89 48
16 22 29 204 172 152
16 22 30 204 172 152
16 22 31 204 172 152
16 23 13 147 81 41
16 23 14 145 79 40
16 23 15 151 84 44
16 23 16 155 87 46
16 23 17 149 87 49
16 23 18 141 80 42
16 23 19 152 90 48
16 23 20 155 95 52
16 23 21 150 89 49
16 23 22 149 85 45
16 23 23 154 89 49
16 23 24 149 86 47
16 23 25 152 89 49
16 23 26 152 87 48
16 23 27 147 85 47
16 23 28 148 86 48
16 23 29 144 86 49
16 23 30 149 87 50
16 23 31 150 88 50
16 24 17 150 84 43
16 24 18 149 83 42
16 24 19 152 86 43
16 24 20 154 88 47
16 24 21 159 92 51
16 24 22 150 88 50
16 24 23 142 81 44
16 24 24 158 96 53
16 24 25 154 93 50
16 24 26 148 87 47
16 24 27 149 87 47
16 24 28 148 84 45
16 24 29 154 89 50
16 24 30 148 85 46
16 24 31 152 89 49
16 25 21 154 88 46
16 25 22 153 87 44
16 25 23 153 87 43
16 25 24 152 86 43
16 25 25 151 83 43
16 25 26 144 81 45
16 25 27 154 88 52
16 25 28 153 91 47
16 25 29 151 89 49
16 25 30 155 94 52
16 25 31 149 88 48
16 26 25 156 90 48
16 26 26 155 89 46
16 26 27 155 89 44
16 26 28 151 85 41
16 26 29 156 87 46
16 26 30 149 82 42
16 26 31 145 83 46
16 27 29 154 88 47
16 27 30 155 89 46
16 27 31 154 88 43
17 2 29 144 78 37
17 2 30 144 78 37
17 2 31 144 78 37
17 3 25 199 166 146
17 3 26 146 80 39
17 3 27 146 80 39
17 3 28 145 79 38
17 3 29 145 79 38
17 3 30 148 82 41
17 3 31 150 83 42
17 4 22 153 84 42
17 4 23 151 83 41
17 4 24 151 83 41
17 4 25 148 82 41
17 4 26 148 82 41
17 4 27 152 86 45
17 4 28 150 82 41
17 4 29 148 86 46
17 4 30 147 85 44
17 4 31 151 86 46
17 5 19 180 128 97
17 5 20 180 128 97
17 5 21 179 128 95
17 5 22 153 84 42
17 5 23 153 84 43
17 5 24 153 84 43
17 5 25 153 84 43
17 5 26 147 85 44
17 5 27 149 84 44
17 5 28 147 84 45
17 5 29 153 90 52
17 5 30 157 93 50
17 5 31 153 90 51
17 6 15 202 168 148
17 6 16 202 168 148
17 6 17 203 169 148
17 6 18 179 128 96
17 6 19 153 82 41
17 6 20 153 82 41
17 6 21 151 81 40
17 6 22 149 86 46
17 6 23 150 85 46
17 6 24 144 82 44
17 6 25 151 89 50
17 6 26 156 91 51
17 6 27 152 88 49
17 6 28 154 88 49
17 6 29 156 91 51
17 6 30 152 88 49
17 6 31 154 91 52
17 7 12 148 79 38
17 7 13 149 79 39
17 7 14 202 168 148
17 7 15 202 168 148
17 7 16 154 83 42
17 7 17 151 81 39
17 7 18 154 89 50
17 7 19 152 87 48
17 7 20 152 90 49
17 7 21 149 85 46
17 7 22 151 86 47
17 7 23 148 84 45
17 7 24 151 86 47
17 7 25 145 82 45
17 7 26 153 90 52
17 7 27 150 86 50
17 7 28 151 85 49
17 7 29 154 87 49
17 7 30 205 172 152
17 8 8 202 168 148
17 8 9 206 171 150
17 8 10 178 125 94
17 8 11 148 79 38
17 8 12 150 79 38
17 8 13 151 80 39
17 8 14 153 88 48
17 8 15 152 87 48
17 8 16 148 85 46
17 8 17 160 95 53
17 8 18 155 91 52
17 8 19 154 88 47
17 8 20 147 82 44
17 8 21 152 88 49
17 8 22 154 89 50
17 8 23 149 83 47
17 8 24 153 86 48
17 8 25 156 89 50
17 9 5 207 172 151
17 9 6 208 173 151
17 9 7 164 92 48
17 9 8 165 94 50
17 9 9 158 87 45
17 9 10 157 86 45
17 9 11 151 86 46
17 9 12 148 83 45
17 9 13 148 85 46
17 9 14 153 88 49
17 9 15 154 88 47
17 9 16 148 83 44
17 9 17 155 90 51
17 9 18 147 83 47
17 9 19 152 86 48
17 9 20 204 171 152
17 10 1 202 167 147
17 10 2 158 89 49
17 10 3 202 167 147
17 10 4 146 77 36
17 10 5 153 84 43
17 10 6 158 88 46
17 10 7 147 83 43
17 10 8 148 83 44
17 10 9 161 96 52
17 10 10 147 84 46
17 10 11 150 84 45
17 10 12 156 90 50
17 10 13 147 83 46
17 10 14 151 85 47
17 11 0 157 91 48
17 11 1 201 167 147
17 11 2 160 91 50
17 11 3 151 86 47
17 11 4 153 88 48
17 11 5 158 93 49
17 11 6 156 90 48
17 11 7 148 82 44
17 11 8 152 87 48
17 11 9 177 127 99
17 12 0 153 89 48
17 12 1 150 85 46
17 12 2 153 86 47
17 12 3 155 90 49
17 12 4 203 169 150
17 18 0 150 89 50
17 18 1 202 172 152
17 18 2 176 130 100
17 18 3 142 82 46
17 18 4 149 87 48
17 18 5 149 87 47
17 18 6 204 172 151
17 19 0 158 93 50
17 19 1 160 94 51
17 19 2 144 82 45
17 19 3 150 87 48
17 19 4 143 83 47
17 19 5 152 91 52
17 19 6 204 172 152
17 19 7 204 172 152
17 19 8 178 131 100
17 19 9 178 131 100
17 19 10 154 90 48
17 19 11 154 90 48
17 19 12 154 90 48
17 19 13 154 90 48
17 20 0 152 87 45
17 20 1 152 86 44
17 20 2 152 86 45
17 20 3 150 83 45
17 20 4 151 86 48
17 20 5 147 84 46
17 20 6 147 80 41
17 20 7 152 87 49
17 20 8 142 80 43
17 20 9 152 89 49
17 20 10 151 90 51
17 20 11 149 89 53
17 20 12 146 87 49
17 20 13 154 90 48
17 20 14 155 90 48
17 20 15 155 90 48
17 20 16 155 90 48
17 20 17 155 90 48
17 20 18 155 90 48
17 20 19 155 90 48
17 20 20 155 90 48
17 20 21 204 172 151
17 21 4 201 168 147
17 21 5 149 83 42
17 21 6 149 83 42
17 21 7 147 81 43
17 21 8 145 79 42
17 21 9 149 84 47
17 21 10 153 85 48
17 21 11 148 85 46
17 21 12 154 89 49
17 21 13 147 85 46
17 21 14 151 88 48
17 21 15 152 89 51
17 21 16 152 89 51
17 21 17 161 98 58
17 21 18 150 90 53
17 21 19 154 92 50
17 21 20 149 87 47
17 21 21 155 90 48
17 21 22 154 89 48
17 21 23 154 89 47
17 21 24 154 89 47
17 21 25 204 172 151
17 21 26 204 172 151
17 21 27 204 172 151
17 21 28 204 171 151
17 22 9 152 86 44
17 22 10 152 86 44
17 22 11 153 87 49
17 22 12 154 87 47
17 22 13 149 82 44
17 22 14 159 94 53
17 22 15 154 92 52
17 22 16 148 83 44
17 22 17 149 84 45
17 22 18 151 88 47
17 22 19 144 82 43
17 22 20 146 84 46
17 22 21 149 86 46
17 22 22 154 91 54
17 22 23 155 92 53
17 22 24 161 96 57
17 22 25 156 94 56
17 22 26 155 92 50
17 22 27 158 93 51
17 22 28 153 88 46
17 22 29 204 171 151
17 22 30 204 171 151
17 22 31 204 171 151
17 23 13 156 89 48
17 23 14 152 86 45
17 23 15 151 85 45
17 23 16 154 89 50
17 23 17 143 78 42
17 23 18 151 90 49
17 23 19 153 90 49
17 23 20 156 91 50
17 23 21 155 93 52
17 23 22 150 85 46
17 23 23 149 85 45
17 23 24 153 88 48
17 23 25 144 82 42
17 23 26 150 87 47
17 23 27 149 87 47
17 23 28 149 88 49
17 23 29 153 90 50
17 23 30 156 94 54
17 23 31 155 94 54
17 24 17 148 83 41
17 24 18 144 78 37
17 24 19 149 83 42
17 24 20 151 86 47
17 24 21 156 91 50
17 24 22 143 79 44
17 24 23 141 79 41
17 24 24 152 85 46
17 24 25 154 91 51
17 24 26 151 88 48
17 24 27 148 84 44
17 24 28 148 83 44
17 24 29 150 85 46
17 24 30 150 87 46
17 24 31 147 85 44
17 25 21 177 128 97
17 25 22 148 83 41
17 25 23 151 85 44
17 25 24 151 85 43
17 25 25 158 92 50
17 25 26 145 79 42
17 25 27 151 90 53
17 25 28 140 78 40
17 25 29 146 84 44
17 25 30 154 93 51
17 25 31 155 93 52
17 26 25 155 89 48
17 26 26 151 85 44
17 26 27 151 84 43
17 26 28 148 80 41
17 26 29 152 85 46
17 26 30 160 93 51
17 26 31 152 84 44
17 27 29 149 81 42
17 27 30 150 81 42
17 27 31 149 81 42
18 2 29 202 168 148
18 2 30 202 168 148
18 2 31 202 168 148
18 3 26 148 79 38
18 3 27 148 79 38
18 3 28 149 79 39
18 3 29 202 168 148
18 3 30 152 81 40
18 3 31 153 82 41
18 4 22 202 168 148
18 4 23 178 125 94
18 4 24 150 79 38
18 4 25 148 79 38
18 4 26 150 79 38
18 4 27 151 81 39
18 4 28 151 80 39
18 4 29 151 85 45
18 4 30 150 85 46
18 4 31 149 85 45
18 5 19 166 94 50
18 5 20 165 94 50
18 5 21 209 174 152
18 5 22 206 171 150
18 5 23 152 81 40
18 5 24 152 81 40
18 5 25 152 82 40
18 5 26 152 87 47
18 5 27 146 82 42
18 5 28 149 84 45
18 5 29 159 95 56
18 5 30 157 93 52
18 5 31 153 88 49
18 6 15 209 174 152
18 6 16 207 172 151
18 6 17 208 173 151
18 6 18 186 132 99
18 6 19 166 94 50
18 6 20 165 94 50
18 6 21 163 93 48
18 6 22 153 88 49
18 6 23 147 82 43
18 6 24 150 85 46
18 6 25 154 91 52
18 6 26 157 92 50
18 6 27 155 91 51
18 6 28 152 87 46
18 6 29 149 84 44
18 6 30 144 79 42
18 6 31 156 90 51
18 7 12 202 167 147
18 7 13 200 165 145
18 7 14 146 77 36
18 7 15 149 80 39
18 7 16 156 87 47
18 7 17 158 88 46
18 7 18 157 89 47
18 7 19 143 79 40
18 7 20 148 83 44
18 7 21 145 82 43
18 7 22 156 91 50
18 7 23 147 84 46
18 7 24 151 86 45
18 7 25 154 87 47
18 7 26 156 90 50
18 7 27 153 88 49
18 7 28 148 82 47
18 7 29 151 85 47
18 7 30 204 171 152
18 8 9 147 80 41
18 8 10 201 167 147
18 8 11 181 129 99
18 8 12 159 90 49
18 8 13 154 86 45
18 8 14 154 89 50
18 8 15 150 86 46
18 8 16 150 85 46
18 8 17 148 84 45
18 8 18 150 84 44
18 8 19 153 87 47
18 8 20 150 84 44
18 8 21 147 82 44
18 8 22 150 85 46
18 8 23 147 81 47
18 8 24 150 83 47
18 8 25 155 88 49
18 9 5 203 169 150
18 9 6 206 172 152
18 9 7 206 174 152
18 9 8 157 91 48
18 9 9 151 84 46
18 9 10 150 81 41
18 9 11 156 89 49
18 9 12 151 86 46
18 9 13 160 95 55
18 9 14 152 87 47
18 9 15 156 90 49
18 9 16 151 84 45
18 9 17 149 82 44
18 9 18 149 83 48
18 9 19 152 85 47
18 10 2 202 169 148
18 10 3 204 171 151
18 10 4 152 86 45
18 10 5 161 91 50
18 10 6 155 89 48
18 10 7 165 101 54
18 10 8 152 87 47
18 10 9 159 94 54
18 10 10 150 85 46
18 10 11 155 89 47
18 10 12 150 83 45
18 10 13 155 90 49
18 10 14 202 169 150
18 11 0 202 171 152
18 11 1 202 171 152
18 11 2 150 84 43
18 11 3 154 88 47
18 11 4 156 91 49
18 11 5 149 84 44
18 11 6 153 87 45
18 11 7 153 87 45
18 11 8 151 85 48
18 11 9 203 169 151
18 12 0 202 171 152
18 12 1 204 172 153
18 12 2 178 128 98
18 12 3 204 172 153
18 18 0 175 130 103
18 18 1 156 95 56
18 18 2 181 135 106
18 18 3 152 91 53
18 18 4 177 133 103
18 18 5 204 174 154
18 19 0 151 85 46
18 19 1 156 91 51
18 19 2 151 89 48
18 19 3 154 93 54
18 19 4 146 86 50
18 19 5 154 93 54
18 19 6 204 173 154
18 19 7 152 90 51
18 19 8 150 89 49
18 19 9 151 90 50
18 19 10 202 171 152
18 19 11 202 171 152
18 19 12 176 130 100
18 19 13 204 172 152
18 20 0 175 126 97
18 20 1 178 130 98
18 20 2 150 85 44
18 20 3 155 89 51
18 20 4 153 88 47
18 20 5 151 87 47
18 20 6 155 90 49
18 20 7 157 91 49
18 20 8 151 88 49
18 20 9 147 86 48
18 20 10 152 90 50
18 20 11 148 87 49
18 20 12 153 93 54
18 20 13 150 87 49
18 20 14 151 92 54
18 20 15 149 87 48
18 20 16 149 87 47
18 20 17 204 172 152
18 20 18 204 172 152
18 20 19 204 172 152
18 20 20 178 131 100
18 21 5 150 85 46
18 21 6 150 85 45
18 21 7 154 88 51
18 21 8 152 87 47
18 21 9 148 84 46
18 21 10 151 86 47
18 21 11 155 90 51
18 21 12 152 87 47
18 21 13 145 80 43
18 21 14 145 82 46
18 21 15 145 84 47
18 21 16 149 87 50
18 21 17 144 84 47
18 21 18 146 86 50
18 21 19 152 91 52
18 21 20 154 92 51
18 21 21 178 131 100
18 21 22 178 131 100
18 21 23 179 131 100
18 21 24 154 90 48
18 21 25 154 90 48
18 21 26 154 90 48
18 21 27 154 90 48
18 21 28 154 90 48
18 22 9 152 86 45
18 22 10 152 86 44
18 22 11 152 86 45
18 22 12 153 87 46
18 22 13 150 83 45
18 22 14 150 86 46
18 22 15 154 88 49
18 22 16 158 93 52
18 22 17 152 87 48
18 22 18 152 87 46
18 22 19 150 87 47
18 22 20 147 84 47
18 22 21 148 87 47
18 22 22 152 89 49
18 22 23 146 84 50
18 22 24 151 90 51
18 22 25 149 89 53
18 22 26 146 87 49
18 22 27 158 93 52
18 22 28 154 90 48
18 22 29 155 90 48
18 22 30 155 90 48
18 22 31 155 90 48
18 23 13 152 86 45
18 23 14 152 86 45
18 23 15 152 86 44
18 23 16 150 86 49
18 23 17 148 84 45
18 23 18 145 78 41
18 23 19 152 87 48
18 23 20 157 92 50
18 23 21 150 86 47
18 23 22 149 86 47
18 23 23 149 84 46
18 23 24 153 88 47
18 23 25 151 88 47
18 23 26 144 82 44
18 23 27 150 88 47
18 23 28 152 89 51
18 23 29 149 88 50
18 23 30 154 91 52
18 23 31 160 98 58
18 24 17 201 168 147
18 24 18 145 80 39
18 24 19 145 80 39
18 24 20 146 82 43
18 24 21 149 83 45
18 24 22 153 86 48
18 24 23 150 86 48
18 24 24 152 87 48
18 24 25 147 82 46
18 24 26 152 89 49
18 24 27 147 83 45
18 24 28 148 83 44
18 24 29 154 89 49
18 24 30 151 89 48
18 24 31 146 83 45
18 25 21 152 86 44
18 25 22 151 86 44
18 25 23 152 86 44
18 25 24 153 87 45
18 25 25 150 85 47
18 25 26 154 87 47
18 25 27 147 84 49
18 25 28 153 90 50
18 25 29 148 82 46
18 25 30 152 91 51
18 25 31 154 92 52
18 26 25 158 91 50
18 26 26 159 93 51
18 26 27 156 90 48
18 26 28 155 88 47
18 26 29 150 83 47
18 26 30 150 83 45
18 26 31 156 89 48
18 27 29 201 168 148
18 27 30 152 86 45
18 27 31 150 84 43
19 2 30 164 92 48
19 2 31 166 94 50
19 3 26 207 172 151
19 3 27 207 172 151
19 3 28 208 173 151
19 3 29 186 132 99
19 3 30 163 91 48
19 3 31 166 94 50
19 4 23 200 165 145
19 4 24 146 77 36
19 4 25 146 77 37
19 4 26 153 84 43
19 4 27 156 87 47
19 4 28 158 88 46
19 4 29 159 88 44
19 4 30 147 83 43
19 4 31 151 86 47
19 5 19 207 172 151
19 5 20 181 129 99
19 5 21 157 88 47
19 5 22 154 85 45
19 5 23 200 165 145
19 5 24 145 77 37
19 5 25 146 77 37
19 5 26 150 82 41
19 5 27 154 89 49
19 5 28 151 86 47
19 5 29 150 87 48
19 5 30 148 84 45
19 5 31 150 85 46
19 6 16 203 169 150
19 6 17 203 169 150
19 6 18 147 80 41
19 6 19 204 169 149
19 6 20 154 85 45
19 6 21 160 91 50
19 6 22 159 90 50
19 6 23 152 87 47
19 6 24 148 83 44
19 6 25 155 90 51
19 6 26 153 89 48
19 6 27 146 81 43
19 6 28 156 90 49
19 6 29 155 89 47
19 6 30 156 90 48
19 6 31 150 84 45
19 7 12 201 167 147
19 7 13 206 172 152
19 7 14 206 173 152
19 7 15 206 174 152
19 7 16 157 91 48
19 7 17 152 85 46
19 7 18 148 81 42
19 7 19 156 91 49
19 7 20 151 86 47
19 7 21 158 93 53
19 7 22 155 91 48
19 7 23 150 86 47
19 7 24 157 91 50
19 7 25 151 84 45
19 7 26 149 82 44
19 7 27 157 91 50
19 7 28 146 81 47
19 7 29 152 85 47
19 8 9 206 174 152
19 8 10 201 168 148
19 8 11 152 86 45
19 8 12 153 84 43
19 8 13 156 91 49
19 8 14 153 88 45
19 8 15 150 85 46
19 8 16 154 88 47
19 8 17 159 94 54
19 8 18 159 93 52
19 8 19 153 86 47
19 8 20 155 89 47
19 8 21 157 91 50
19 8 22 157 91 50
19 8 23 147 82 46
19 8 24 203 169 151
19 9 6 201 168 148
19 9 7 179 131 100
19 9 8 179 131 100
19 9 9 202 169 148
19 9 10 150 84 43
19 9 11 151 85 44
19 9 12 153 84 43
19 9 13 154 89 48
19 9 14 156 91 51
19 9 15 152 87 47
19 9 16 154 88 46
19 9 17 154 89 49
19 9 18 151 85 47
19 9 19 202 169 150
19 10 3 179 131 100
19 10 4 202 171 152
19 10 5 202 171 152
19 10 6 202 171 152
19 10 7 202 171 152
19 10 8 156 91 51
19 10 9 154 89 49
19 10 10 159 94 52
19 10 11 146 83 44
19 10 12 152 87 45
19 10 13 204 172 153
19 11 1 202 171 152
19 11 2 202 171 152
19 11 3 202 171 152
19 11 4 202 171 152
19 11 5 202 172 152
19 11 6 201 169 150
19 11 7 179 129 97
19 11 8 204 172 153
19 18 0 202 169 149
19 18 1 202 170 151
19 18 2 198 169 151
19 18 3 174 129 101
19 18 4 201 171 153
19 19 0 153 86 46
19 19 1 151 85 47
19 19 2 149 82 43
19 19 3 149 86 48
19 19 4 174 130 102
19 19 5 175 130 103
19 19 6 205 175 156
19 19 7 156 95 56
19 19 8 206 175 156
19 19 9 154 93 55
19 19 10 203 173 154
19 19 11 177 133 103
19 19 12 153 93 54
19 20 1 179 130 100
19 20 2 156 91 51
19 20 3 160 95 55
19 20 4 150 84 43
19 20 5 151 85 46
19 20 6 155 90 50
19 20 7 156 91 51
19 20 8 156 91 49
19 20 9 153 92 52
19 20 10 150 88 48
19 20 11 146 86 50
19 20 12 148 89 52
19 20 13 204 174 154
19 20 14 178 133 103
19 20 15 152 90 51
19 20 16 150 89 50
19 20 17 151 90 50
19 20 18 152 91 51
19 20 19 202 171 152
19 20 20 202 171 152
19 21 5 202 170 149
19 21 6 147 82 40
19 21 7 148 83 42
19 21 8 150 87 50
19 21 9 156 91 50
19 21 10 144 80 42
19 21 11 153 88 48
19 21 12 155 90 49
19 21 13 155 90 50
19 21 14 153 91 51
19 21 15 149 88 49
19 21 16 146 85 47
19 21 17 150 88 49
19 21 18 150 89 51
19 21 19 155 94 55
19 21 20 153 92 52
19 21 21 176 130 100
19 21 22 176 130 100
19 21 23 150 87 49
19 21 24 150 87 48
19 21 25 149 87 48
19 21 26 149 87 47
19 21 27 149 87 47
19 21 28 204 172 152
19 22 9 205 173 153
19 22 10 163 97 55
19 22 11 149 84 45
19 22 12 153 88 49
19 22 13 156 89 50
19 22 14 155 89 50
19 22 15 155 91 51
19 22 16 158 93 50
19 22 17 157 92 53
19 22 18 155 89 48
19 22 19 157 90 50
19 22 20 153 90 50
19 22 21 147 86 48
19 22 22 147 84 46
19 22 23 150 89 50
19 22 24 144 85 48
19 22 25 145 85 49
19 22 26 152 91 52
19 22 27 153 92 51
19 22 28 204 172 152
19 22 29 204 172 152
19 22 30 204 172 152
19 22 31 204 172 152
19 23 13 175 126 96
19 23 14 149 84 44
19 23 15 148 83 44
19 23 16 152 86 48
19 23 17 150 83 44
19 23 18 149 83 42
19 23 19 151 87 48
19 23 20 153 88 48
19 23 21 156 91 50
19 23 22 158 93 54
19 23 23 152 87 47
19 23 24 159 94 51
19 23 25 156 89 50
19 23 26 143 80 45
19 23 27 145 84 46
19 23 28 152 89 50
19 23 29 148 87 50
19 23 30 145 85 48
19 23 31 147 87 50
19 24 17 152 87 45
19 24 18 152 86 45
19 24 19 151 85 44
19 24 20 151 85 44
19 24 21 153 88 48
19 24 22 152 85 46
19 24 23 146 80 44
19 24 24 146 81 44
19 24 25 153 88 48
19 24 26 158 93 52
19 24 27 156 92 53
19 24 28 148 83 44
19 24 29 152 87 46
19 24 30 156 91 50
19 24 31 150 87 47
19 25 21 148 82 41
19 25 22 153 87 46
19 25 23 153 87 45
19 25 24 153 87 45
19 25 25 153 88 50
19 25 26 150 84 45
19 25 27 150 83 44
19 25 28 146 81 45
19 25 29 156 91 51
19 25 30 156 91 50
19 25 31 151 87 47
19 26 25 201 168 147
19 26 26 149 83 42
19 26 27 148 83 41
19 26 28 149 83 42
19 26 29 148 82 41
19 26 30 153 88 49
19 26 31 155 88 47
19 27 30 147 82 41
19 27 31 145 79 38
20 2 30 202 167 147
20 2 31 154 85 45
20 3 27 201 167 147
20 3 28 204 169 149
20 3 29 181 129 99
20 3 30 157 88 47
20 3 31 155 86 46
20 4 23 203 169 150
20 4 24 153 87 46
20 4 25 203 169 150
20 4 26 151 84 46
20 4 27 147 79 39
20 4 28 153 85 44
20 4 29 162 92 52
20 4 30 155 89 49
20 4 31 156 91 51
20 5 20 206 174 152
20 5 21 206 172 152
20 5 22 206 173 152
20 5 23 156 92 46
20 5 24 160 93 51
20 5 25 156 90 48
20 5 26 155 90 48
20 5 27 152 87 47
20 5 28 149 84 45
20 5 29 157 92 53
20 5 30 149 84 45
20 5 31 154 89 48
20 6 17 207 173 151
20 6 18 207 173 151
20 6 19 161 91 50
20 6 20 204 169 150
20 6 21 155 89 48
20 6 22 156 91 47
20 6 23 164 100 53
20 6 24 152 87 47
20 6 25 155 90 50
20 6 26 149 84 44
20 6 27 154 89 48
20 6 28 151 86 47
20 6 29 155 89 47
20 6 30 153 86 47
20 6 31 150 83 45
20 7 13 207 173 151
20 7 14 202 169 148
20 7 15 202 169 148
20 7 16 204 171 151
20 7 17 201 168 148
20 7 18 161 92 47
20 7 19 153 84 43
20 7 20 151 86 44
20 7 21 153 88 47
20 7 22 150 85 46
20 7 23 151 86 46
20 7 24 154 88 47
20 7 25 153 87 45
20 7 26 153 88 48
20 7 27 153 88 49
20 7 28 149 84 46
20 7 29 202 169 150
20 8 10 202 169 148
20 8 11 179 131 100
20 8 12 202 171 152
20 8 13 202 171 152
20 8 14 179 131 100
20 8 15 149 83 42
20 8 16 152 86 44
20 8 17 158 93 52
20 8 18 154 89 49
20 8 19 151 86 47
20 8 20 151 85 45
20 8 21 152 86 44
20 8 22 149 86 46
20 8 23 203 170 151
20 9 8 202 171 152
20 9 9 202 171 152
20 9 10 202 171 152
20 9 11 202 171 152
20 9 12 202 171 152
20 9 13 202 171 152
20 9 14 158 93 53
20 9 15 148 84 46
20 9 16 157 89 47
20 9 17 178 129 98
20 9 18 150 85 48
20 10 8 202 171 152
20 10 9 202 171 152
20 10 10 204 172 153
20 10 11 148 83 46
20 10 12 179 129 97
20 18 0 203 171 151
20 18 1 203 171 152
20 18 2 204 171 151
20 18 3 195 164 148
20 19 0 204 172 151
20 19 1 203 171 151
20 19 2 203 171 151
20 19 3 147 84 47
20 19 4 154 87 48
20 19 5 178 128 99
20 19 6 195 164 148
20 19 7 143 84 48
20 19 8 174 129 101
20 19 9 201 171 153
20 19 10 201 171 153
20 19 11 151 91 53
20 19 12 203 173 154
20 20 2 178 131 102
20 20 3 143 82 45
20 20 4 148 87 49
20 20 5 151 86 46
20 20 6 157 91 52
20 20 7 151 86 48
20 20 8 147 81 42
20 20 9 150 85 47
20 20 10 158 97 57
20 20 11 147 88 51
20 20 12 181 135 106
20 20 13 146 87 51
20 20 14 206 175 156
20 20 15 155 94 56
20 20 16 152 91 53
20 20 17 203 173 154
20 20 18 178 133 103
20 20 19 153 93 54
20 20 20 202 172 152
20 21 6 181 133 103
20 21 7 163 97 57
20 21 8 160 95 55
20 21 9 152 85 46
20 21 10 155 89 48
20 21 11 157 91 48
20 21 12 156 91 51
20 21 13 156 91 51
20 21 14 159 93 51
20 21 15 151 89 50
20 21 16 154 93 54
20 21 17 146 87 50
20 21 18 152 90 52
20 21 19 148 89 52
20 21 20 204 174 154
20 21 21 204 173 154
20 21 22 178 132 103
20 21 23 152 90 51
20 21 24 150 89 50
20 21 25 151 90 50
20 21 26 151 90 50
20 21 27 202 172 152
20 22 10 158 92 49
20 22 11 155 89 46
20 22 12 153 88 46
20 22 13 144 82 46
20 22 14 153 88 48
20 22 15 155 90 50
20 22 16 152 88 48
20 22 17 150 85 45
20 22 18 157 92 52
20 22 19 158 90 49
20 22 20 155 92 51
20 22 21 151 88 49
20 22 22 151 90 50
20 22 23 144 84 47
20 22 24 151 90 52
20 22 25 146 85 47
20 22 26 157 94 56
20 22 27 150 89 51
20 22 28 202 171 152
20 22 29 202 171 152
20 22 30 202 171 152
20 22 31 176 130 100
20 23 13 205 173 153
20 23 14 146 81 40
20 23 15 155 90 48
20 23 16 159 93 51
20 23 17 148 84 47
20 23 18 155 88 49
20 23 19 153 88 47
20 23 20 151 86 47
20 23 21 153 89 47
20 23 22 156 91 51
20 23 23 156 90 49
20 23 24 153 88 48
20 23 25 155 91 50
20 23 26 147 84 47
20 23 27 148 87 49
20 23 28 147 85 48
20 23 29 152 90 51
20 23 30 152 90 51
20 23 31 143 83 47
20 24 17 152 87 47
20 24 18 181 132 102
20 24 19 147 82 43
20 24 20 150 85 45
20 24 21 153 87 49
20 24 22 151 85 46
20 24 23 150 83 44
20 24 24 150 85 46
20 24 25 154 90 51
20 24 26 151 86 47
20 24 27 152 87 48
20 24 28 154 89 50
20 24 29 151 87 49
20 24 30 159 92 50
20 24 31 153 88 49
20 25 22 146 81 41
20 25 23 151 86 47
20 25 24 152 87 47
20 25 25 148 83 45
20 25 26 150 84 47
20 25 27 151 84 45
20 25 28 146 80 42
20 25 29 146 81 43
20 25 30 152 87 48
20 25 31 157 92 50
20 26 26 203 170 150
20 26 27 152 86 44
20 26 28 152 86 44
20 26 29 151 85 44
20 26 30 153 87 45
20 26 31 148 81 43
20 27 30 177 128 97
20 27 31 153 87 45
21 2 31 206 173 152
21 3 27 206 174 152
21 3 28 206 172 152
21 3 29 206 173 152
21 3 30 156 92 47
21 3 31 206 173 152
21 4 24 206 171 151
21 4 25 207 173 151
21 4 26 161 91 50
21 4 27 204 169 150
21 4 28 154 86 47
21 4 29 153 88 45
21 4 30 157 92 47
21 4 31 157 92 49
21 5 21 202 169 148
21 5 22 204 171 151
21 5 23 201 168 148
21 5 24 152 86 45
21 5 25 159 90 45
21 5 26 158 89 48
21 5 27 157 92 52
21 5 28 155 89 49
21 5 29 155 90 49
21 5 30 152 87 47
21 5 31 154 88 46
21 6 18 202 169 148
21 6 19 179 131 100
21 6 20 176 130 100
21 6 21 150 84 43
21 6 22 153 87 46
21 6 23 148 83 41
21 6 24 153 87 45
21 6 25 159 94 52
21 6 26 157 92 52
21 6 27 153 88 49
21 6 28 151 86 47
21 6 29 155 89 47
21 6 30 153 87 45
21 6 31 154 89 47
21 7 15 179 131 100
21 7 16 202 171 152
21 7 17 202 171 152
21 7 18 202 171 152
21 7 19 202 171 152
21 7 20 150 88 49
21 7 21 149 84 42
21 7 22 157 92 52
21 7 23 159 94 52
21 7 24 148 83 46
21 7 25 157 89 49
21 7 26 152 87 45
21 7 27 178 129 98
21 7 28 203 170 151
21 8 13 202 171 152
21 8 14 202 171 152
21 8 15 202 171 152
21 8 16 202 171 152
21 8 17 202 171 152
21 8 18 202 172 153
21 8 19 160 94 54
21 8 20 202 170 150
21 8 21 179 129 97
21 8 22 178 129 98
21 9 13 202 172 153
21 9 14 204 172 153
21 9 15 148 83 46
21 9 16 181 130 99
21 19 3 203 171 151
21 19 4 203 171 151
21 19 5 203 171 151
21 19 6 203 171 151
21 19 7 147 84 47
21 19 8 204 171 151
21 19 9 204 170 151
21 19 10 198 169 151
21 19 11 201 171 153
21 20 3 179 133 103
21 20 4 149 88 49
21 20 5 202 171 151
21 20 6 204 172 151
21 20 7 153 88 49
21 20 8 148 85 47
21 20 9 153 87 47
21 20 10 202 170 151
21 20 11 137 75 42
21 20 12 143 84 48
21 20 13 174 129 101
21 20 14 201 171 153
21 20 15 148 88 51
21 20 16 175 130 103
21 20 17 205 175 156
21 20 18 156 95 57
21 20 19 203 173 154
21 21 7 178 131 102
21 21 8 153 92 54
21 21 9 156 91 52
21 21 10 155 90 50
21 21 11 146 82 44
21 21 12 154 89 49
21 21 13 152 87 48
21 21 14 149 83 42
21 21 15 151 86 47
21 21 16 158 96 56
21 21 17 150 89 51
21 21 18 146 88 51
21 21 19 156 95 56
21 21 20 206 175 156
21 21 21 181 135 106
21 21 22 153 92 54
21 21 23 203 173 154
21 21 24 203 173 154
21 21 25 152 92 53
21 21 26 153 93 54
21 21 27 204 173 154
21 22 10 180 131 101
21 22 11 156 91 51
21 22 12 154 89 49
21 22 13 155 89 50
21 22 14 150 84 43
21 22 15 155 89 48
21 22 16 151 86 47
21 22 17 155 90 50
21 22 18 155 90 50
21 22 19 152 87 47
21 22 20 156 91 49
21 22 21 151 89 50
21 22 22 158 92 50
21 22 23 156 91 51
21 22 24 157 89 49
21 22 25 145 86 49
21 22 26 148 89 52
21 22 27 204 174 154
21 22 28 204 173 154
21 22 29 178 133 103
21 22 30 152 90 51
21 22 31 151 90 50
21 23 14 207 174 152
21 23 15 157 90 49
21 23 16 157 91 48
21 23 17 153 88 47
21 23 18 154 89 49
21 23 19 152 86 45
21 23 20 156 90 49
21 23 21 151 86 47
21 23 22 152 87 47
21 23 23 153 88 48
21 23 24 157 92 52
21 23 25 159 93 51
21 23 26 153 91 50
21 23 27 151 89 49
21 23 28 153 91 51
21 23 29 144 85 47
21 23 30 157 93 50
21 23 31 153 92 53
21 24 18 178 130 98
21 24 19 152 87 45
21 24 20 147 83 41
21 24 21 156 91 49
21 24 22 150 87 49
21 24 23 154 88 48
21 24 24 154 88 48
21 24 25 149 86 47
21 24 26 147 82 44
21 24 27 155 91 48
21 24 28 154 89 49
21 24 29 157 92 50
21 24 30 158 91 49
21 24 31 155 92 50
21 25 22 205 173 153
21 25 23 163 97 55
21 25 24 150 86 46
21 25 25 155 89 50
21 25 26 153 88 49
21 25 27 149 86 48
21 25 28 154 87 48
21 25 29 155 89 50
21 25 30 152 88 49
21 25 31 152 87 48
21 26 26 175 126 97
21 26 27 148 83 44
21 26 28 151 86 46
21 26 29 149 84 44
21 26 30 154 89 51
21 26 31 149 84 45
21 27 30 148 84 44
21 27 31 153 88 48
22 2 31 206 174 152
22 3 28 207 173 151
22 3 29 150 84 43
22 3 30 201 168 148
22 3 31 202 169 148
22 4 25 201 168 148
22 4 26 150 84 43
22 4 27 199 167 146
22 4 28 202 169 148
22 4 29 204 171 151
22 4 30 146 81 39
22 4 31 152 86 45
22 5 22 150 84 43
22 5 23 179 131 100
22 5 24 202 171 152
22 5 25 202 171 152
22 5 26 179 131 100
22 5 27 146 81 39
22 5 28 155 89 48
22 5 29 159 94 53
22 5 30 154 89 49
22 5 31 158 92 52
22 6 20 176 130 100
22 6 21 202 171 152
22 6 22 202 171 152
22 6 23 202 171 152
22 6 24 202 171 152
22 6 25 202 171 152
22 6 26 204 171 152
22 6 27 148 83 46
22 6 28 178 128 98
22 6 29 181 130 99
22 6 30 179 129 97
22 6 31 149 84 43
22 7 20 202 171 152
22 7 21 202 171 152
22 7 22 202 171 152
22 7 23 204 172 153
22 7 24 201 169 150
22 7 25 202 170 150
22 7 26 179 129 97
22 19 7 203 171 152
22 19 8 201 170 151
22 20 7 203 171 151
22 20 8 203 171 151
22 20 9 203 171 151
22 20 10 203 171 151
22 20 11 201 170 151
22 20 12 154 87 48
22 20 13 204 170 151
22 20 14 202 170 151
22 20 15 137 75 42
22 20 16 143 83 47
22 20 17 201 171 153
22 20 18 149 90 53
22 21 8 179 133 103
22 21 9 149 88 49
22 21 10 202 171 151
22 21 11 148 87 49
22 21 12 156 91 50
22 21 13 152 87 47
22 21 14 154 86 46
22 21 15 152 87 48
22 21 16 140 78 43
22 21 17 148 83 45
22 21 18 148 88 51
22 21 19 174 130 102
22 21 20 156 95 55
22 21 21 175 130 103
22 21 22 205 175 156
22 21 23 181 135 106
22 21 24 156 94 56
22 21 25 206 175 156
22 21 26 203 173 154
22 22 11 185 136 106
22 22 12 154 91 52
22 22 13 159 94 54
22 22 14 155 89 50
22 22 15 156 89 48
22 22 16 148 83 46
22 22 17 159 94 54
22 22 18 157 92 52
22 22 19 157 91 52
22 22 20 152 86 45
22 22 21 152 87 48
22 22 22 155 90 50
22 22 23 155 93 54
22 22 24 150 89 51
22 22 25 159 93 51
22 22 26 206 175 156
22 22 27 155 94 56
22 22 28 153 92 54
22 22 29 152 91 53
22 22 30 203 173 154
22 22 31 177 133 103
22 23 15 181 133 103
22 23 16 163 97 57
22 23 17 154 89 49
22 23 18 146 81 42
22 23 19 152 85 46
22 23 20 157 91 48
22 23 21 151 85 46
22 23 22 155 90 49
22 23 23 156 91 51
22 23 24 155 90 50
22 23 25 155 89 49
22 23 26 155 90 50
22 23 27 155 90 50
22 23 28 151 88 48
22 23 29 154 93 54
22 23 30 146 87 50
22 23 31 146 86 50
22 24 18 202 170 149
22 24 19 151 85 45
22 24 20 154 88 47
22 24 21 158 92 50
22 24 22 155 89 48
22 24 23 150 85 42
22 24 24 147 83 43
22 24 25 155 89 48
22 24 26 151 85 46
22 24 27 154 89 48
22 24 28 152 87 48
22 24 29 155 90 50
22 24 30 156 91 51
22 24 31 148 83 44
22 25 23 149 84 42
22 25 24 150 85 44
22 25 25 148 83 42
22 25 26 146 81 40
22 25 27 152 88 50
22 25 28 157 91 52
22 25 29 156 90 50
22 25 30 151 87 47
22 25 31 145 82 43
22 26 26 205 173 153
22 26 27 149 84 43
22 26 28 156 91 49
22 26 29 160 95 53
22 26 30 156 90 51
22 26 31 150 87 48
22 27 30 175 126 97
22 27 31 155 90 50
23 3 29 204 171 151
23 3 30 199 167 146
23 3 31 179 131 100
23 4 27 179 131 100
23 4 28 176 130 100
23 4 29 202 171 152
23 4 30 202 171 152
23 4 31 202 171 152
23 5 25 202 171 152
23 5 26 202 171 152
23 5 27 202 171 152
23 5 28 202 171 152
23 5 29 202 171 152
23 5 30 202 171 152
23 5 31 202 172 153
23 6 25 202 171 152
23 6 26 202 172 152
23 6 27 204 172 153
23 6 28 204 171 152
23 6 29 202 170 150
23 6 30 181 130 99
23 20 10 203 171 151
23 20 11 203 171 151
23 20 12 203 171 151
23 20 13 201 170 151
23 20 14 202 169 149
23 20 15 204 170 151
23 20 16 195 164 148
23 21 10 202 171 151
23 21 11 202 170 150
23 21 12 203 171 151
23 21 13 203 171 151
23 21 14 203 171 151
23 21 15 201 170 151
23 21 16 204 171 151
23 21 17 179 129 99
23 21 18 151 85 46
23 21 19 149 84 46
23 21 20 198 169 151
23 21 21 143 84 48
23 21 22 201 171 152
23 21 23 148 88 51
23 21 24 201 171 153
23 21 25 205 175 156
23 22 12 178 133 104
23 22 13 203 172 152
23 22 14 150 89 50
23 22 15 144 83 46
23 22 16 151 86 48
23 22 17 153 88 49
23 22 18 155 90 50
23 22 19 150 85 47
23 22 20 154 89 50
23 22 21 149 84 46
23 22 22 157 91 52
23 22 23 151 88 49
23 22 24 149 88 51
23 22 25 148 88 51
23 22 26 201 171 153
23 22 27 149 90 53
23 22 28 157 96 55
23 22 29 156 95 57
23 22 30 156 95 56
23 22 31 206 175 156
23 23 16 185 136 106
23 23 17 159 93 53
23 23 18 155 90 50
23 23 19 157 91 49
23 23 20 153 87 45
23 23 21 151 86 46
23 23 22 150 85 47
23 23 23 155 90 50
23 23 24 157 91 52
23 23 25 154 89 49
23 23 26 152 86 44
23 23 27 152 87 46
23 23 28 150 87 49
23 23 29 156 90 48
23 23 30 155 90 48
23 23 31 155 93 54
23 24 19 179 130 100
23 24 20 156 91 51
23 24 21 163 97 57
23 24 22 154 89 49
23 24 23 146 81 42
23 24 24 152 85 46
23 24 25 157 91 48
23 24 26 153 87 46
23 24 27 151 86 47
23 24 28 157 92 51
23 24 29 156 91 51
23 24 30 155 90 50
23 24 31 155 89 49
23 25 23 176 126 97
23 25 24 151 85 45
23 25 25 156 89 48
23 25 26 159 92 51
23 25 27 147 82 44
23 25 28 152 87 47
23 25 29 155 89 47
23 25 30 156 90 48
23 25 31 150 85 46
23 26 27 149 83 40
23 26 28 147 82 39
23 26 29 150 85 43
23 26 30 149 84 42
23 26 31 156 91 52
23 27 31 147 83 41
24 4 31 202 172 153
24 5 31 204 172 153
24 21 14 203 171 151
24 21 15 203 171 151
24 21 16 203 171 151
24 21 17 203 171 151
24 21 18 203 171 151
24 21 19 201 170 151
24 21 20 204 171 151
24 21 21 204 171 151
24 21 22 203 170 151
24 21 23 198 169 151
24 21 24 201 171 153
24 22 14 150 88 49
24 22 15 202 171 151
24 22 16 202 171 151
24 22 17 202 170 150
24 22 18 204 172 151
24 22 19 153 88 49
24 22 20 149 84 45
24 22 21 154 87 48
24 22 22 149 84 46
24 22 23 155 90 50
24 22 24 195 164 148
24 22 25 151 85 45
24 22 26 143 84 48
24 22 27 201 171 152
24 22 28 148 87 50
24 22 29 201 171 153
24 22 30 148 88 51
24 22 31 201 171 153
24 23 17 178 133 104
24 23 18 179 133 103
24 23 19 153 92 54
24 23 20 150 89 51
24 23 21 159 91 50
24 23 22 148 83 46
24 23 23 155 89 50
24 23 24 154 89 50
24 23 25 154 89 49
24 23 26 148 83 43
24 23 27 151 85 44
24 23 28 149 85 46
24 23 29 154 92 52
24 23 30 150 89 51
24 23 31 151 90 52
24 24 20 183 134 104
24 24 21 185 136 106
24 24 22 160 94 54
24 24 23 162 97 56
24 24 24 150 85 46
24 24 25 155 89 47
24 24 26 152 86 45
24 24 27 157 92 52
24 24 28 158 93 53
24 24 29 151 86 47
24 24 30 156 91 51
24 24 31 152 87 47
24 25 24 181 133 103
24 25 25 156 91 51
24 25 26 156 91 51
24 25 27 157 92 52
24 25 28 148 83 43
24 25 29 152 85 46
24 25 30 149 83 42
24 25 31 153 87 46
24 26 27 207 174 152
24 26 28 151 84 46
24 26 29 151 84 46
24 26 30 154 88 46
24 26 31 159 93 51
24 27 31 150 85 43
25 21 18 203 171 151
25 21 19 201 170 151
25 21 20 201 170 151
25 22 18 205 173 153
25 22 19 203 171 151
25 22 20 203 171 151
25 22 21 203 171 151
25 22 22 201 170 151
25 22 23 201 170 151
25 22 24 154 87 48
25 22 25 179 129 99
25 22 26 178 128 99
25 22 27 202 170 151
25 22 28 195 164 148
25 22 29 198 169 151
25 22 30 201 171 153
25 22 31 201 171 153
25 23 18 203 172 152
25 23 19 150 88 49
25 23 20 202 171 151
25 23 21 202 171 151
25 23 22 203 172 152
25 23 23 152 88 49
25 23 24 150 85 46
25 23 25 153 87 47
25 23 26 148 85 46
25 23 27 152 86 48
25 23 28 148 83 45
25 23 29 138 76 42
25 23 30 143 83 47
25 23 31 201 171 153
25 24 21 200 170 151
25 24 22 200 170 151
25 24 23 145 85 49
25 24 24 153 92 53
25 24 25 153 87 45
25 24 26 157 89 48
25 24 27 149 83 47
25 24 28 157 91 52
25 24 29 151 85 46
25 24 30 151 86 48
25 24 31 150 85 47
25 25 25 183 134 104
25 25 26 165 100 59
25 25 27 155 90 50
25 25 28 154 89 49
25 25 29 158 91 50
25 25 30 153 87 47
25 25 31 154 88 46
25 26 28 179 130 100
25 26 29 181 133 103
25 26 30 163 97 57
25 26 31 156 91 51
26 22 22 203 171 151
26 22 23 203 171 151
26 22 24 203 171 151
26 22 25 201 170 151
26 22 26 202 169 149
26 22 27 204 171 151
26 22 28 203 170 151
26 23 22 202 170 150
26 23 23 204 172 151
26 23 24 203 171 151
26 23 25 203 171 151
26 23 26 201 170 151
26 23 27 201 170 151
26 23 28 204 171 151
26 23 29 204 171 151
26 23 30 204 170 151
26 23 31 151 85 46
26 24 23 203 172 152
26 24 24 150 88 49
26 24 25 149 88 49
26 24 26 149 88 49
26 24 27 157 95 57
26 24 28 148 87 49
26 24 29 148 85 46
26 24 30 155 90 50
26 24 31 149 84 46
26 25 26 200 170 151
26 25 27 200 170 151
26 25 28 149 88 50
26 25 29 147 86 48
26 25 30 151 85 46
26 25 31 156 88 47
26 26 30 188 139 109
26 26 31 156 91 51
27 23 26 203 171 151
27 23 27 203 171 151
27 23 28 203 171 151
27 23 29 203 171 151
27 23 30 201 170 151
27 23 31 201 170 151
27 24 26 202 171 151
27 24 27 202 171 151
27 24 28 202 170 150
27 24 29 204 172 151
27 24 30 156 91 51
27 24 31 152 87 49
27 25 28 203 172 152
27 25 29 150 88 49
27 25 30 152 90 51
27 25 31 154 87 48
27 26 30 178 131 102
27 26 31 178 133 104
28 23 30 203 171 151
28 23 31 201 170 151
28 24 29 203 171 151
28 24 30 203 171 151
28 24 31 203 171 151
28 25 30 149 88 49
28 25 31 202 171 151
