9 17 9 0 169 255
10 17 9 0 169 255
11 17 9 0 169 255
12 17 9 0 169 255
13 17 9 0 169 255
14 17 9 0 169 255
15 17 9 0 169 255
16 17 9 0 169 255
17 17 9 0 169 255
18 17 9 0 169 255
19 17 9 0 169 255
20 17 9 0 169 255
21 17 9 0 169 255
22 17 9 0 169 255
23 17 9 0 169 255
9 18 9 0 169 255
10 18 9 0 169 255
11 18 9 0 169 255
12 18 9 0 169 255
13 18 9 0 169 255
14 18 9 0 169 255
15 18 9 0 169 255
16 18 9 0 169 255
17 18 9 0 169 255
18 18 9 0 169 255
19 18 9 0 169 255
20 18 9 0 169 255
21 18 9 0 169 255
22 18 9 0 169 255
23 18 9 0 169 255
9 19 9 0 169 255
10 19 9 0 169 255
11 19 9 0 169 255
12 19 9 0 169 255
13 19 9 0 169 255
14 19 9 0 169 255
15 19 9 0 169 255
16 19 9 0 169 255
17 19 9 0 169 255
18 19 9 0 169 255
19 19 9 0 169 255
20 19 9 0 169 255
21 19 9 0 169 255
22 19 9 0 169 255
23 19 9 0 169 255
8 20 9 0 169 255
9 20 9 0 169 255
10 20 9 0 169 255
11 20 9 0 169 255
12 20 9 0 169 255
13 20 9 0 169 255
14 20 9 0 169 255
15 20 9 0 169 255
16 20 9 0 169 255
17 20 9 0 169 255
18 20 9 0 169 255
19 20 9 0 169 255
20 20 9 0 169 255
21 20 9 0 169 255
22 20 9 0 169 255
23 20 9 0 169 255
24 20 9 0 169 255
8 21 9 0 169 255
9 21 9 0 169 255
10 21 9 0 169 255
11 21 9 0 169 255
12 21 9 0 169 255
13 21 9 0 169 255
14 21 9 0 169 255
15 21 9 0 169 255
16 21 9 0 169 255
17 21 9 0 169 255
18 21 9 0 169 255
19 21 9 0 169 255
20 21 9 0 169 255
21 21 9 0 169 255
22 21 9 0 169 255
23 21 9 0 169 255
24 21 9 0 169 255
7 22 9 0 169 255
8 22 9 0 169 255
9 22 9 0 169 255
10 22 9 0 169 255
11 22 9 0 169 255
12 22 9 0 169 255
13 22 9 0 169 255
14 22 9 0 169 255
15 22 9 0 169 255
16 22 9 0 169 255
17 22 9 0 169 255
18 22 9 0 169 255
19 22 9 0 169 255
20 22 9 0 169 255
21 22 9 0 169 255
22 22 9 0 169 255
23 22 9 0 169 255
24 22 9 0 169 255
25 22 9 0 169 255
7 23 9 0 169 255
8 23 9 0 169 255
9 23 9 0 169 255
10 23 9 0 169 255
11 23 9 0 169 255
12 23 9 0 169 255
13 23 9 0 169 255
14 23 9 0 169 255
15 23 9 0 169 255
16 23 9 0 169 255
17 23 9 0 169 255
18 23 9 0 169 255
19 23 9 0 169 255
20 23 9 0 169 255
21 23 9 0 169 255
22 23 9 0 169 255
23 23 9 0 169 255
24 23 9 0 169 255
25 23 9 0 169 255
9 24 9 0 169 255
10 24 9 0 169 255
11 24 9 0 169 255
12 24 9 0 169 255
13 24 9 0 169 255
14 24 9 0 169 255
15 24 9 0 169 255
16 24 9 0 169 255
17 24 9 0 169 255
18 24 9 0 169 255
19 24 9 0 169 255
20 24 9 0 169 255
21 24 9 0 169 255
22 24 9 0 169 255
23 24 9 0 169 255
11 4 10 0 169 255
12 4 10 0 169 255
13 4 10 0 169 255
14 4 10 0 169 255
15 4 10 0 169 255
16 4 10 0 169 255
17 4 10 0 169 255
18 4 10 0 169 255
19 4 10 0 169 255
20 4 10 0 169 255
21 4 10 0 169 255
10 5 10 0 169 255
11 5 10 0 169 255
12 5 10 0 169 255
13 5 10 0 169 255
14 5 10 0 169 255
15 5 10 0 169 255
16 5 10 0 169 255
17 5 10 0 169 255
18 5 10 0 169 255
19 5 10 0 169 255
20 5 10 0 169 255
21 5 10 0 169 255
22 5 10 0 169 255
10 6 10 0 169 255
11 6 10 0 169 255
12 6 10 0 169 255
13 6 10 0 169 255
14 6 10 0 169 255
15 6 10 0 169 255
16 6 10 0 169 255
17 6 10 0 169 255
18 6 10 0 169 255
19 6 10 0 169 255
20 6 10 0 169 255
21 6 10 0 169 255
22 6 10 0 169 255
10 7 10 0 169 255
11 7 10 0 169 255
12 7 10 0 169 255
13 7 10 0 169 255
14 7 10 0 169 255
15 7 10 0 169 255
16 7 10 0 169 255
17 7 10 0 169 255
18 7 10 0 169 255
19 7 10 0 169 255
20 7 10 0 169 255
21 7 10 0 169 255
22 7 10 0 169 255
9 8 10 0 169 255
10 8 10 0 169 255
11 8 10 0 169 255
12 8 10 0 169 255
13 8 10 0 169 255
14 8 10 0 169 255
15 8 10 0 169 255
16 8 10 0 169 255
17 8 10 0 169 255
18 8 10 0 169 255
19 8 10 0 169 255
20 8 10 0 169 255
21 8 10 0 169 255
22 8 10 0 169 255
23 8 10 0 169 255
9 9 10 0 169 255
10 9 10 0 169 255
11 9 10 0 169 255
12 9 10 0 169 255
13 9 10 0 169 255
14 9 10 0 169 255
15 9 10 0 169 255
16 9 10 0 169 255
17 9 10 0 169 255
18 9 10 0 169 255
19 9 10 0 169 255
20 9 10 0 169 255
21 9 10 0 169 255
22 9 10 0 169 255
23 9 10 0 169 255
9 10 10 0 169 255
10 10 10 0 169 255
11 10 10 0 169 255
12 10 10 0 169 255
13 10 10 0 169 255
14 10 10 0 169 255
15 10 10 0 169 255
16 10 10 0 169 255
17 10 10 0 169 255
18 10 10 0 169 255
19 10 10 0 169 255
20 10 10 0 169 255
21 10 10 0 169 255
22 10 10 0 169 255
23 10 10 0 169 255
9 11 10 0 169 255
10 11 10 0 169 255
11 11 10 0 169 255
12 11 10 0 169 255
13 11 10 0 169 255
14 11 10 0 169 255
15 11 10 0 169 255
16 11 10 0 169 255
17 11 10 0 169 255
18 11 10 0 169 255
19 11 10 0 169 255
20 11 10 0 169 255
21 11 10 0 169 255
22 11 10 0 169 255
23 11 10 0 169 255
8 12 10 0 169 255
9 12 10 0 169 255
10 12 10 0 169 255
11 12 10 0 169 255
12 12 10 0 169 255
13 12 10 0 169 255
14 12 10 0 169 255
15 12 10 0 169 255
16 12 10 0 169 255
17 12 10 0 169 255
18 12 10 0 169 255
19 12 10 0 169 255
20 12 10 0 169 255
21 12 10 0 169 255
22 12 10 0 169 255
23 12 10 0 169 255
24 12 10 0 169 255
8 13 10 0 169 255
9 13 10 0 169 255
10 13 10 0 169 255
11 13 10 0 169 255
12 13 10 0 169 255
13 13 10 0 169 255
14 13 10 0 169 255
15 13 10 0 169 255
16 13 10 0 169 255
17 13 10 0 169 255
18 13 10 0 169 255
19 13 10 0 169 255
20 13 10 0 169 255
21 13 10 0 169 255
22 13 10 0 169 255
23 13 10 0 169 255
24 13 10 0 169 255
8 14 10 0 169 255
9 14 10 0 169 255
10 14 10 0 169 255
11 14 10 0 169 255
12 14 10 0 169 255
13 14 10 0 169 255
14 14 10 0 169 255
15 14 10 0 169 255
16 14 10 0 169 255
17 14 10 0 169 255
18 14 10 0 169 255
19 14 10 0 169 255
20 14 10 0 169 255
21 14 10 0 169 255
22 14 10 0 169 255
23 14 10 0 169 255
24 14 10 0 169 255
8 15 10 0 169 255
9 15 10 0 169 255
10 15 10 0 169 255
11 15 10 0 169 255
12 15 10 0 169 255
13 15 10 0 169 255
14 15 10 0 169 255
15 15 10 0 169 255
16 15 10 0 169 255
17 15 10 0 169 255
18 15 10 0 169 255
19 15 10 0 169 255
20 15 10 0 169 255
21 15 10 0 169 255
22 15 10 0 169 255
23 15 10 0 169 255
24 15 10 0 169 255
8 16 10 0 169 255
9 16 10 0 169 255
10 16 10 0 169 255
11 16 10 0 169 255
12 16 10 0 169 255
13 16 10 0 169 255
14 16 10 0 169 255
15 16 10 0 169 255
16 16 10 0 169 255
17 16 10 0 169 255
18 16 10 0 169 255
19 16 10 0 169 255
20 16 10 0 169 255
21 16 10 0 169 255
22 16 10 0 169 255
23 16 10 0 169 255
24 16 10 0 169 255
7 17 10 0 169 255
8 17 10 0 169 255
9 17 10 0 169 255
10 17 10 0 169 255
11 17 10 0 169 255
12 17 10 0 169 255
13 17 10 0 169 255
14 17 10 0 169 255
15 17 10 0 169 255
16 17 10 0 169 255
17 17 10 0 169 255
18 17 10 0 169 255
19 17 10 0 169 255
20 17 10 0 169 255
21 17 10 0 169 255
22 17 10 0 169 255
23 17 10 0 169 255
24 17 10 0 169 255
25 17 10 0 169 255
7 18 10 0 169 255
8 18 10 0 169 255
9 18 10 0 169 255
10 18 10 0 169 255
11 18 10 0 169 255
12 18 10 0 169 255
13 18 10 0 169 255
14 18 10 0 169 255
15 18 10 0 169 255
16 18 10 0 169 255
17 18 10 0 169 255
18 18 10 0 169 255
19 18 10 0 169 255
20 18 10 0 169 255
21 18 10 0 169 255
22 18 10 0 169 255
23 18 10 0 169 255
24 18 10 0 169 255
25 18 10 0 169 255
7 19 10 0 169 255
8 19 10 0 169 255
9 19 10 0 169 255
10 19 10 0 169 255
11 19 10 0 169 255
12 19 10 0 169 255
13 19 10 0 169 255
14 19 10 0 169 255
15 19 10 0 169 255
16 19 10 0 169 255
17 19 10 0 169 255
18 19 10 0 169 255
19 19 10 0 169 255
20 19 10 0 169 255
21 19 10 0 169 255
22 19 10 0 169 255
23 19 10 0 169 255
24 19 10 0 169 255
25 19 10 0 169 255
7 20 10 0 169 255
8 20 10 0 169 255
9 20 10 0 169 255
10 20 10 0 169 255
11 20 10 0 169 255
12 20 10 0 169 255
13 20 10 0 169 255
14 20 10 0 169 255
15 20 10 0 169 255
16 20 10 0 169 255
17 20 10 0 169 255
18 20 10 0 169 255
19 20 10 0 169 255
20 20 10 0 169 255
21 20 10 0 169 255
22 20 10 0 169 255
23 20 10 0 169 255
24 20 10 0 169 255
25 20 10 0 169 255
7 21 10 0 169 255
8 21 10 0 169 255
9 21 10 0 169 255
10 21 10 0 169 255
11 21 10 0 169 255
12 21 10 0 169 255
13 21 10 0 169 255
14 21 10 0 169 255
15 21 10 0 169 255
16 21 10 0 169 255
17 21 10 0 169 255
18 21 10 0 169 255
19 21 10 0 169 255
20 21 10 0 169 255
21 21 10 0 169 255
22 21 10 0 169 255
23 21 10 0 169 255
24 21 10 0 169 255
25 21 10 0 169 255
6 22 10 0 169 255
7 22 10 0 169 255
8 22 10 0 169 255
9 22 10 0 169 255
10 22 10 0 169 255
11 22 10 0 169 255
12 22 10 0 169 255
13 22 10 0 169 255
14 22 10 0 169 255
15 22 10 0 169 255
16 22 10 0 169 255
17 22 10 0 169 255
18 22 10 0 169 255
19 22 10 0 169 255
20 22 10 0 169 255
21 22 10 0 169 255
22 22 10 0 169 255
23 22 10 0 169 255
24 22 10 0 169 255
25 22 10 0 169 255
26 22 10 0 169 255
6 23 10 0 169 255
7 23 10 0 169 255
8 23 10 0 169 255
9 23 10 0 169 255
10 23 10 0 169 255
11 23 10 0 169 255
12 23 10 0 169 255
13 23 10 0 169 255
14 23 10 0 169 255
15 23 10 0 169 255
16 23 10 0 169 255
17 23 10 0 169 255
18 23 10 0 169 255
19 23 10 0 169 255
20 23 10 0 169 255
21 23 10 0 169 255
22 23 10 0 169 255
23 23 10 0 169 255
24 23 10 0 169 255
25 23 10 0 169 255
26 23 10 0 169 255
7 24 10 0 169 255
8 24 10 0 169 255
9 24 10 0 169 255
10 24 10 0 169 255
11 24 10 0 169 255
12 24 10 0 169 255
13 24 10 0 169 255
14 24 10 0 169 255
15 24 10 0 169 255
16 24 10 0 169 255
17 24 10 0 169 255
18 24 10 0 169 255
19 24 10 0 169 255
20 24 10 0 169 255
21 24 10 0 169 255
22 24 10 0 169 255
23 24 10 0 169 255
24 24 10 0 169 255
25 24 10 0 169 255
9 2 11 0 169 255
10 2 11 0 169 255
11 2 11 0 169 255
12 2 11 0 169 255
13 2 11 0 169 255
14 2 11 0 169 255
15 2 11 0 169 255
16 2 11 0 169 255
17 2 11 0 169 255
18 2 11 0 169 255
19 2 11 0 169 255
20 2 11 0 169 255
21 2 11 0 169 255
22 2 11 0 169 255
23 2 11 0 169 255
9 3 11 0 169 255
10 3 11 0 169 255
11 3 11 0 169 255
12 3 11 0 169 255
13 3 11 0 169 255
14 3 11 0 169 255
15 3 11 0 169 255
16 3 11 0 169 255
17 3 11 0 169 255
18 3 11 0 169 255
19 3 11 0 169 255
20 3 11 0 169 255
21 3 11 0 169 255
22 3 11 0 169 255
23 3 11 0 169 255
9 4 11 0 169 255
10 4 11 0 169 255
11 4 11 0 169 255
12 4 11 0 169 255
13 4 11 0 169 255
14 4 11 0 169 255
15 4 11 0 169 255
16 4 11 0 169 255
17 4 11 0 169 255
18 4 11 0 169 255
19 4 11 0 169 255
20 4 11 0 169 255
21 4 11 0 169 255
22 4 11 0 169 255
23 4 11 0 169 255
9 5 11 0 169 255
10 5 11 0 169 255
11 5 11 0 169 255
12 5 11 0 169 255
13 5 11 0 169 255
14 5 11 0 169 255
15 5 11 0 169 255
16 5 11 0 169 255
17 5 11 0 169 255
18 5 11 0 169 255
19 5 11 0 169 255
20 5 11 0 169 255
21 5 11 0 169 255
22 5 11 0 169 255
23 5 11 0 169 255
8 6 11 0 169 255
9 6 11 0 169 255
10 6 11 0 169 255
11 6 11 0 169 255
12 6 11 0 169 255
13 6 11 0 169 255
14 6 11 0 169 255
15 6 11 0 169 255
16 6 11 0 169 255
17 6 11 0 169 255
18 6 11 0 169 255
19 6 11 0 169 255
20 6 11 0 169 255
21 6 11 0 169 255
22 6 11 0 169 255
23 6 11 0 169 255
24 6 11 0 169 255
8 7 11 0 169 255
9 7 11 0 169 255
10 7 11 0 169 255
11 7 11 0 169 255
12 7 11 0 169 255
13 7 11 0 169 255
14 7 11 0 169 255
15 7 11 0 169 255
16 7 11 0 169 255
17 7 11 0 169 255
18 7 11 0 169 255
19 7 11 0 169 255
20 7 11 0 169 255
21 7 11 0 169 255
22 7 11 0 169 255
23 7 11 0 169 255
24 7 11 0 169 255
8 8 11 0 169 255
9 8 11 0 169 255
10 8 11 0 169 255
11 8 11 0 169 255
12 8 11 0 169 255
13 8 11 0 169 255
14 8 11 0 169 255
15 8 11 0 169 255
16 8 11 0 169 255
17 8 11 0 169 255
18 8 11 0 169 255
19 8 11 0 169 255
20 8 11 0 169 255
21 8 11 0 169 255
22 8 11 0 169 255
23 8 11 0 169 255
24 8 11 0 169 255
8 9 11 0 169 255
9 9 11 0 169 255
10 9 11 0 169 255
11 9 11 0 169 255
12 9 11 0 169 255
13 9 11 0 169 255
14 9 11 0 169 255
15 9 11 0 169 255
16 9 11 0 169 255
17 9 11 0 169 255
18 9 11 0 169 255
19 9 11 0 169 255
20 9 11 0 169 255
21 9 11 0 169 255
22 9 11 0 169 255
23 9 11 0 169 255
24 9 11 0 169 255
8 10 11 0 169 255
9 10 11 0 169 255
10 10 11 0 169 255
11 10 11 0 169 255
12 10 11 0 169 255
13 10 11 0 169 255
14 10 11 0 169 255
15 10 11 0 169 255
16 10 11 0 169 255
17 10 11 0 169 255
18 10 11 0 169 255
19 10 11 0 169 255
20 10 11 0 169 255
21 10 11 0 169 255
22 10 11 0 169 255
23 10 11 0 169 255
24 10 11 0 169 255
8 11 11 0 169 255
9 11 11 0 169 255
10 11 11 0 169 255
11 11 11 0 169 255
12 11 11 0 169 255
13 11 11 0 169 255
14 11 11 0 169 255
15 11 11 0 169 255
16 11 11 0 169 255
17 11 11 0 169 255
18 11 11 0 169 255
19 11 11 0 169 255
20 11 11 0 169 255
21 11 11 0 169 255
22 11 11 0 169 255
23 11 11 0 169 255
24 11 11 0 169 255
8 12 11 0 169 255
9 12 11 0 169 255
10 12 11 0 169 255
11 12 11 0 169 255
12 12 11 0 169 255
13 12 11 0 169 255
14 12 11 0 169 255
15 12 11 0 169 255
16 12 11 0 169 255
17 12 11 0 169 255
18 12 11 0 169 255
19 12 11 0 169 255
20 12 11 0 169 255
21 12 11 0 169 255
22 12 11 0 169 255
23 12 11 0 169 255
24 12 11 0 169 255
7 13 11 0 169 255
8 13 11 0 169 255
9 13 11 0 169 255
10 13 11 0 169 255
11 13 11 0 169 255
12 13 11 0 169 255
13 13 11 0 169 255
14 13 11 0 169 255
15 13 11 0 169 255
16 13 11 0 169 255
17 13 11 0 169 255
18 13 11 0 169 255
19 13 11 0 169 255
20 13 11 0 169 255
21 13 11 0 169 255
22 13 11 0 169 255
23 13 11 0 169 255
24 13 11 0 169 255
25 13 11 0 169 255
7 14 11 0 169 255
8 14 11 0 169 255
9 14 11 0 169 255
10 14 11 0 169 255
11 14 11 0 169 255
12 14 11 0 169 255
13 14 11 0 169 255
14 14 11 0 169 255
15 14 11 0 169 255
16 14 11 0 169 255
17 14 11 0 169 255
18 14 11 0 169 255
19 14 11 0 169 255
20 14 11 0 169 255
21 14 11 0 169 255
22 14 11 0 169 255
23 14 11 0 169 255
24 14 11 0 169 255
25 14 11 0 169 255
7 15 11 0 169 255
8 15 11 0 169 255
9 15 11 0 169 255
10 15 11 0 169 255
11 15 11 0 169 255
12 15 11 0 169 255
13 15 11 0 169 255
14 15 11 0 169 255
15 15 11 0 169 255
16 15 11 0 169 255
17 15 11 0 169 255
18 15 11 0 169 255
19 15 11 0 169 255
20 15 11 0 169 255
21 15 11 0 169 255
22 15 11 0 169 255
23 15 11 0 169 255
24 15 11 0 169 255
25 15 11 0 169 255
7 16 11 0 169 255
8 16 11 0 169 255
9 16 11 0 169 255
10 16 11 0 169 255
11 16 11 0 169 255
12 16 11 0 169 255
13 16 11 0 169 255
14 16 11 0 169 255
15 16 11 0 169 255
16 16 11 0 169 255
17 16 11 0 169 255
18 16 11 0 169 255
19 16 11 0 169 255
20 16 11 0 169 255
21 16 11 0 169 255
22 16 11 0 169 255
23 16 11 0 169 255
24 16 11 0 169 255
25 16 11 0 169 255
7 17 11 0 169 255
8 17 11 0 169 255
9 17 11 0 169 255
10 17 11 0 169 255
11 17 11 0 169 255
12 17 11 0 169 255
13 17 11 0 169 255
14 17 11 0 169 255
15 17 11 0 169 255
16 17 11 0 169 255
17 17 11 0 169 255
18 17 11 0 169 255
19 17 11 0 169 255
20 17 11 0 169 255
21 17 11 0 169 255
22 17 11 0 169 255
23 17 11 0 169 255
24 17 11 0 169 255
25 17 11 0 169 255
7 18 11 0 169 255
8 18 11 0 169 255
9 18 11 0 169 255
10 18 11 0 169 255
11 18 11 0 169 255
12 18 11 0 169 255
13 18 11 0 169 255
14 18 11 0 169 255
15 18 11 0 169 255
16 18 11 0 169 255
17 18 11 0 169 255
18 18 11 0 169 255
19 18 11 0 169 255
20 18 11 0 169 255
21 18 11 0 169 255
22 18 11 0 169 255
23 18 11 0 169 255
24 18 11 0 169 255
25 18 11 0 169 255
7 19 11 0 169 255
8 19 11 0 169 255
9 19 11 0 169 255
10 19 11 0 169 255
11 19 11 0 169 255
12 19 11 0 169 255
13 19 11 0 169 255
14 19 11 0 169 255
15 19 11 0 169 255
16 19 11 0 169 255
17 19 11 0 169 255
18 19 11 0 169 255
19 19 11 0 169 255
20 19 11 0 169 255
21 19 11 0 169 255
22 19 11 0 169 255
23 19 11 0 169 255
24 19 11 0 169 255
25 19 11 0 169 255
6 20 11 0 169 255
7 20 11 0 169 255
8 20 11 0 169 255
9 20 11 0 169 255
10 20 11 0 169 255
11 20 11 0 169 255
12 20 11 0 169 255
13 20 11 0 169 255
14 20 11 0 169 255
15 20 11 0 169 255
16 20 11 0 169 255
17 20 11 0 169 255
18 20 11 0 169 255
19 20 11 0 169 255
20 20 11 0 169 255
21 20 11 0 169 255
22 20 11 0 169 255
23 20 11 0 169 255
24 20 11 0 169 255
25 20 11 0 169 255
26 20 11 0 169 255
6 21 11 0 169 255
7 21 11 0 169 255
8 21 11 0 169 255
9 21 11 0 169 255
10 21 11 0 169 255
11 21 11 0 169 255
12 21 11 0 169 255
13 21 11 0 169 255
14 21 11 0 169 255
15 21 11 0 169 255
16 21 11 0 169 255
17 21 11 0 169 255
18 21 11 0 169 255
19 21 11 0 169 255
20 21 11 0 169 255
21 21 11 0 169 255
22 21 11 0 169 255
23 21 11 0 169 255
24 21 11 0 169 255
25 21 11 0 169 255
26 21 11 0 169 255
6 22 11 0 169 255
7 22 11 0 169 255
8 22 11 0 169 255
24 22 11 0 169 255
25 22 11 0 169 255
26 22 11 0 169 255
6 23 11 0 169 255
7 23 11 0 169 255
8 23 11 0 169 255
24 23 11 0 169 255
25 23 11 0 169 255
26 23 11 0 169 255
7 24 11 0 169 255
25 24 11 0 169 255
10 1 12 0 169 255
11 1 12 0 169 255
12 1 12 0 169 255
13 1 12 0 169 255
14 1 12 0 169 255
15 1 12 0 169 255
16 1 12 0 169 255
17 1 12 0 169 255
18 1 12 0 169 255
19 1 12 0 169 255
20 1 12 0 169 255
21 1 12 0 169 255
22 1 12 0 169 255
9 2 12 0 169 255
10 2 12 0 169 255
11 2 12 0 169 255
12 2 12 0 169 255
13 2 12 0 169 255
14 2 12 0 169 255
15 2 12 0 169 255
16 2 12 0 169 255
17 2 12 0 169 255
18 2 12 0 169 255
19 2 12 0 169 255
20 2 12 0 169 255
21 2 12 0 169 255
22 2 12 0 169 255
23 2 12 0 169 255
8 3 12 0 169 255
9 3 12 0 169 255
10 3 12 0 169 255
11 3 12 0 169 255
12 3 12 0 169 255
13 3 12 0 169 255
14 3 12 0 169 255
15 3 12 0 169 255
16 3 12 0 169 255
17 3 12 0 169 255
18 3 12 0 169 255
19 3 12 0 169 255
20 3 12 0 169 255
21 3 12 0 169 255
22 3 12 0 169 255
23 3 12 0 169 255
24 3 12 0 169 255
8 4 12 0 169 255
9 4 12 0 169 255
10 4 12 0 169 255
11 4 12 0 169 255
12 4 12 0 169 255
13 4 12 0 169 255
14 4 12 0 169 255
15 4 12 0 169 255
16 4 12 0 169 255
17 4 12 0 169 255
18 4 12 0 169 255
19 4 12 0 169 255
20 4 12 0 169 255
21 4 12 0 169 255
22 4 12 0 169 255
23 4 12 0 169 255
24 4 12 0 169 255
8 5 12 0 169 255
9 5 12 0 169 255
10 5 12 0 169 255
11 5 12 0 169 255
12 5 12 0 169 255
13 5 12 0 169 255
14 5 12 0 169 255
15 5 12 0 169 255
16 5 12 0 169 255
17 5 12 0 169 255
18 5 12 0 169 255
19 5 12 0 169 255
20 5 12 0 169 255
21 5 12 0 169 255
22 5 12 0 169 255
23 5 12 0 169 255
24 5 12 0 169 255
8 6 12 0 169 255
9 6 12 0 169 255
10 6 12 0 169 255
11 6 12 0 169 255
12 6 12 0 169 255
13 6 12 0 169 255
14 6 12 0 169 255
15 6 12 0 169 255
16 6 12 0 169 255
17 6 12 0 169 255
18 6 12 0 169 255
19 6 12 0 169 255
20 6 12 0 169 255
21 6 12 0 169 255
22 6 12 0 169 255
23 6 12 0 169 255
24 6 12 0 169 255
8 7 12 0 169 255
9 7 12 0 169 255
10 7 12 0 169 255
11 7 12 0 169 255
12 7 12 0 169 255
13 7 12 0 169 255
14 7 12 0 169 255
15 7 12 0 169 255
16 7 12 0 169 255
17 7 12 0 169 255
18 7 12 0 169 255
19 7 12 0 169 255
20 7 12 0 169 255
21 7 12 0 169 255
22 7 12 0 169 255
23 7 12 0 169 255
24 7 12 0 169 255
8 8 12 0 169 255
9 8 12 0 169 255
10 8 12 0 169 255
22 8 12 0 169 255
23 8 12 0 169 255
24 8 12 0 169 255
8 9 12 0 169 255
9 9 12 0 169 255
23 9 12 0 169 255
24 9 12 0 169 255
7 10 12 0 169 255
8 10 12 0 169 255
9 10 12 0 169 255
23 10 12 0 169 255
24 10 12 0 169 255
25 10 12 0 169 255
7 11 12 0 169 255
8 11 12 0 169 255
9 11 12 0 169 255
23 11 12 0 169 255
24 11 12 0 169 255
25 11 12 0 169 255
7 12 12 0 169 255
8 12 12 0 169 255
9 12 12 0 169 255
23 12 12 0 169 255
24 12 12 0 169 255
25 12 12 0 169 255
7 13 12 0 169 255
8 13 12 0 169 255
9 13 12 0 169 255
23 13 12 0 169 255
24 13 12 0 169 255
25 13 12 0 169 255
7 14 12 0 169 255
8 14 12 0 169 255
24 14 12 0 169 255
25 14 12 0 169 255
7 15 12 0 169 255
8 15 12 0 169 255
24 15 12 0 169 255
25 15 12 0 169 255
7 16 12 0 169 255
8 16 12 0 169 255
24 16 12 0 169 255
25 16 12 0 169 255
7 17 12 0 169 255
8 17 12 0 169 255
24 17 12 0 169 255
25 17 12 0 169 255
6 18 12 0 169 255
7 18 12 0 169 255
8 18 12 0 169 255
24 18 12 0 169 255
25 18 12 0 169 255
26 18 12 0 169 255
6 19 12 0 169 255
7 19 12 0 169 255
8 19 12 0 169 255
24 19 12 0 169 255
25 19 12 0 169 255
26 19 12 0 169 255
6 20 12 0 169 255
7 20 12 0 169 255
8 20 12 0 169 255
24 20 12 0 169 255
25 20 12 0 169 255
26 20 12 0 169 255
6 21 12 0 169 255
7 21 12 0 169 255
8 21 12 0 169 255
24 21 12 0 169 255
25 21 12 0 169 255
26 21 12 0 169 255
6 22 12 0 169 255
7 22 12 0 169 255
25 22 12 0 169 255
26 22 12 0 169 255
6 23 12 0 169 255
7 23 12 0 169 255
25 23 12 0 169 255
26 23 12 0 169 255
6 24 12 0 169 255
7 24 12 0 169 255
25 24 12 0 169 255
26 24 12 0 169 255
9 1 13 0 169 255
10 1 13 0 169 255
11 1 13 0 169 255
12 1 13 0 169 255
13 1 13 0 169 255
14 1 13 0 169 255
15 1 13 0 169 255
16 1 13 0 169 255
17 1 13 0 169 255
18 1 13 0 169 255
19 1 13 0 169 255
20 1 13 0 169 255
21 1 13 0 169 255
22 1 13 0 169 255
23 1 13 0 169 255
8 2 13 0 169 255
9 2 13 0 169 255
10 2 13 0 169 255
11 2 13 0 169 255
12 2 13 0 169 255
13 2 13 0 169 255
14 2 13 0 169 255
15 2 13 0 169 255
16 2 13 0 169 255
17 2 13 0 169 255
18 2 13 0 169 255
19 2 13 0 169 255
20 2 13 0 169 255
21 2 13 0 169 255
22 2 13 0 169 255
23 2 13 0 169 255
24 2 13 0 169 255
8 3 13 0 169 255
9 3 13 0 169 255
10 3 13 0 169 255
11 3 13 0 169 255
12 3 13 0 169 255
13 3 13 0 169 255
14 3 13 0 169 255
15 3 13 0 169 255
16 3 13 0 169 255
17 3 13 0 169 255
18 3 13 0 169 255
19 3 13 0 169 255
20 3 13 0 169 255
21 3 13 0 169 255
22 3 13 0 169 255
23 3 13 0 169 255
24 3 13 0 169 255
8 4 13 0 169 255
9 4 13 0 169 255
23 4 13 0 169 255
24 4 13 0 169 255
8 5 13 0 169 255
9 5 13 0 169 255
23 5 13 0 169 255
24 5 13 0 169 255
8 6 13 0 169 255
9 6 13 0 169 255
23 6 13 0 169 255
24 6 13 0 169 255
8 7 13 0 169 255
9 7 13 0 169 255
23 7 13 0 169 255
24 7 13 0 169 255
8 8 13 0 169 255
9 8 13 0 169 255
23 8 13 0 169 255
24 8 13 0 169 255
8 9 13 0 169 255
9 9 13 0 169 255
23 9 13 0 169 255
24 9 13 0 169 255
7 10 13 0 169 255
8 10 13 0 169 255
9 10 13 0 169 255
23 10 13 0 169 255
24 10 13 0 169 255
25 10 13 0 169 255
7 11 13 0 169 255
8 11 13 0 169 255
9 11 13 0 169 255
23 11 13 0 169 255
24 11 13 0 169 255
25 11 13 0 169 255
7 12 13 0 169 255
8 12 13 0 169 255
9 12 13 0 169 255
23 12 13 0 169 255
24 12 13 0 169 255
25 12 13 0 169 255
7 13 13 0 169 255
8 13 13 0 169 255
24 13 13 0 169 255
25 13 13 0 169 255
7 14 13 0 169 255
8 14 13 0 169 255
24 14 13 0 169 255
25 14 13 0 169 255
7 15 13 0 169 255
8 15 13 0 169 255
24 15 13 0 169 255
25 15 13 0 169 255
7 16 13 0 169 255
8 16 13 0 169 255
24 16 13 0 169 255
25 16 13 0 169 255
7 17 13 0 169 255
8 17 13 0 169 255
24 17 13 0 169 255
25 17 13 0 169 255
6 18 13 0 169 255
7 18 13 0 169 255
8 18 13 0 169 255
24 18 13 0 169 255
25 18 13 0 169 255
26 18 13 0 169 255
6 19 13 0 169 255
7 19 13 0 169 255
8 19 13 0 169 255
24 19 13 0 169 255
25 19 13 0 169 255
26 19 13 0 169 255
6 20 13 0 169 255
7 20 13 0 169 255
8 20 13 0 169 255
24 20 13 0 169 255
25 20 13 0 169 255
26 20 13 0 169 255
6 21 13 0 169 255
7 21 13 0 169 255
8 21 13 0 169 255
24 21 13 0 169 255
25 21 13 0 169 255
26 21 13 0 169 255
6 22 13 0 169 255
7 22 13 0 169 255
25 22 13 0 169 255
26 22 13 0 169 255
6 23 13 0 169 255
7 23 13 0 169 255
25 23 13 0 169 255
26 23 13 0 169 255
6 24 13 0 169 255
7 24 13 0 169 255
25 24 13 0 169 255
26 24 13 0 169 255
9 1 14 0 169 255
10 1 14 0 169 255
11 1 14 0 169 255
12 1 14 0 169 255
13 1 14 0 169 255
14 1 14 0 169 255
15 1 14 0 169 255
16 1 14 0 169 255
17 1 14 0 169 255
18 1 14 0 169 255
19 1 14 0 169 255
20 1 14 0 169 255
21 1 14 0 169 255
22 1 14 0 169 255
23 1 14 0 169 255
8 2 14 0 169 255
9 2 14 0 169 255
10 2 14 0 169 255
11 2 14 0 169 255
12 2 14 0 169 255
13 2 14 0 169 255
14 2 14 0 169 255
15 2 14 0 169 255
16 2 14 0 169 255
17 2 14 0 169 255
18 2 14 0 169 255
19 2 14 0 169 255
20 2 14 0 169 255
21 2 14 0 169 255
22 2 14 0 169 255
23 2 14 0 169 255
24 2 14 0 169 255
8 3 14 0 169 255
9 3 14 0 169 255
10 3 14 0 169 255
11 3 14 0 169 255
12 3 14 0 169 255
13 3 14 0 169 255
14 3 14 0 169 255
15 3 14 0 169 255
16 3 14 0 169 255
17 3 14 0 169 255
18 3 14 0 169 255
19 3 14 0 169 255
20 3 14 0 169 255
21 3 14 0 169 255
22 3 14 0 169 255
23 3 14 0 169 255
24 3 14 0 169 255
8 4 14 0 169 255
9 4 14 0 169 255
23 4 14 0 169 255
24 4 14 0 169 255
8 5 14 0 169 255
9 5 14 0 169 255
23 5 14 0 169 255
24 5 14 0 169 255
8 6 14 0 169 255
9 6 14 0 169 255
23 6 14 0 169 255
24 6 14 0 169 255
8 7 14 0 169 255
9 7 14 0 169 255
23 7 14 0 169 255
24 7 14 0 169 255
8 8 14 0 169 255
9 8 14 0 169 255
23 8 14 0 169 255
24 8 14 0 169 255
8 9 14 0 169 255
9 9 14 0 169 255
23 9 14 0 169 255
24 9 14 0 169 255
7 10 14 0 169 255
8 10 14 0 169 255
9 10 14 0 169 255
23 10 14 0 169 255
24 10 14 0 169 255
25 10 14 0 169 255
7 11 14 0 169 255
8 11 14 0 169 255
9 11 14 0 169 255
23 11 14 0 169 255
24 11 14 0 169 255
25 11 14 0 169 255
7 12 14 0 169 255
8 12 14 0 169 255
9 12 14 0 169 255
23 12 14 0 169 255
24 12 14 0 169 255
25 12 14 0 169 255
7 13 14 0 169 255
8 13 14 0 169 255
24 13 14 0 169 255
25 13 14 0 169 255
7 14 14 0 169 255
8 14 14 0 169 255
24 14 14 0 169 255
25 14 14 0 169 255
7 15 14 0 169 255
8 15 14 0 169 255
24 15 14 0 169 255
25 15 14 0 169 255
7 16 14 0 169 255
8 16 14 0 169 255
24 16 14 0 169 255
25 16 14 0 169 255
7 17 14 0 169 255
8 17 14 0 169 255
24 17 14 0 169 255
25 17 14 0 169 255
6 18 14 0 169 255
7 18 14 0 169 255
8 18 14 0 169 255
24 18 14 0 169 255
25 18 14 0 169 255
26 18 14 0 169 255
6 19 14 0 169 255
7 19 14 0 169 255
8 19 14 0 169 255
24 19 14 0 169 255
25 19 14 0 169 255
26 19 14 0 169 255
6 20 14 0 169 255
7 20 14 0 169 255
8 20 14 0 169 255
24 20 14 0 169 255
25 20 14 0 169 255
26 20 14 0 169 255
6 21 14 0 169 255
7 21 14 0 169 255
8 21 14 0 169 255
24 21 14 0 169 255
25 21 14 0 169 255
26 21 14 0 169 255
6 22 14 0 169 255
7 22 14 0 169 255
25 22 14 0 169 255
26 22 14 0 169 255
6 23 14 0 169 255
7 23 14 0 169 255
25 23 14 0 169 255
26 23 14 0 169 255
6 24 14 0 169 255
7 24 14 0 169 255
25 24 14 0 169 255
26 24 14 0 169 255
9 1 15 0 169 255
10 1 15 0 169 255
11 1 15 0 169 255
12 1 15 0 169 255
13 1 15 0 169 255
14 1 15 0 169 255
15 1 15 0 169 255
16 1 15 0 169 255
17 1 15 0 169 255
18 1 15 0 169 255
19 1 15 0 169 255
20 1 15 0 169 255
21 1 15 0 169 255
22 1 15 0 169 255
23 1 15 0 169 255
8 2 15 0 169 255
9 2 15 0 169 255
10 2 15 0 169 255
11 2 15 0 169 255
12 2 15 0 169 255
13 2 15 0 169 255
14 2 15 0 169 255
15 2 15 0 169 255
16 2 15 0 169 255
17 2 15 0 169 255
18 2 15 0 169 255
19 2 15 0 169 255
20 2 15 0 169 255
21 2 15 0 169 255
22 2 15 0 169 255
23 2 15 0 169 255
24 2 15 0 169 255
8 3 15 0 169 255
9 3 15 0 169 255
10 3 15 0 169 255
11 3 15 0 169 255
12 3 15 0 169 255
13 3 15 0 169 255
14 3 15 0 169 255
15 3 15 0 169 255
16 3 15 0 169 255
17 3 15 0 169 255
18 3 15 0 169 255
19 3 15 0 169 255
20 3 15 0 169 255
21 3 15 0 169 255
22 3 15 0 169 255
23 3 15 0 169 255
24 3 15 0 169 255
8 4 15 0 169 255
9 4 15 0 169 255
23 4 15 0 169 255
24 4 15 0 169 255
8 5 15 0 169 255
9 5 15 0 169 255
23 5 15 0 169 255
24 5 15 0 169 255
8 6 15 0 169 255
9 6 15 0 169 255
23 6 15 0 169 255
24 6 15 0 169 255
8 7 15 0 169 255
9 7 15 0 169 255
23 7 15 0 169 255
24 7 15 0 169 255
8 8 15 0 169 255
9 8 15 0 169 255
23 8 15 0 169 255
24 8 15 0 169 255
8 9 15 0 169 255
9 9 15 0 169 255
23 9 15 0 169 255
24 9 15 0 169 255
7 10 15 0 169 255
8 10 15 0 169 255
9 10 15 0 169 255
23 10 15 0 169 255
24 10 15 0 169 255
25 10 15 0 169 255
7 11 15 0 169 255
8 11 15 0 169 255
9 11 15 0 169 255
23 11 15 0 169 255
24 11 15 0 169 255
25 11 15 0 169 255
7 12 15 0 169 255
8 12 15 0 169 255
9 12 15 0 169 255
23 12 15 0 169 255
24 12 15 0 169 255
25 12 15 0 169 255
7 13 15 0 169 255
8 13 15 0 169 255
24 13 15 0 169 255
25 13 15 0 169 255
7 14 15 0 169 255
8 14 15 0 169 255
24 14 15 0 169 255
25 14 15 0 169 255
7 15 15 0 169 255
8 15 15 0 169 255
24 15 15 0 169 255
25 15 15 0 169 255
7 16 15 0 169 255
8 16 15 0 169 255
24 16 15 0 169 255
25 16 15 0 169 255
7 17 15 0 169 255
8 17 15 0 169 255
24 17 15 0 169 255
25 17 15 0 169 255
6 18 15 0 169 255
7 18 15 0 169 255
8 18 15 0 169 255
24 18 15 0 169 255
25 18 15 0 169 255
26 18 15 0 169 255
6 19 15 0 169 255
7 19 15 0 169 255
8 19 15 0 169 255
24 19 15 0 169 255
25 19 15 0 169 255
26 19 15 0 169 255
6 20 15 0 169 255
7 20 15 0 169 255
8 20 15 0 169 255
24 20 15 0 169 255
25 20 15 0 169 255
26 20 15 0 169 255
6 21 15 0 169 255
7 21 15 0 169 255
8 21 15 0 169 255
24 21 15 0 169 255
25 21 15 0 169 255
26 21 15 0 169 255
6 22 15 0 169 255
7 22 15 0 169 255
25 22 15 0 169 255
26 22 15 0 169 255
6 23 15 0 169 255
7 23 15 0 169 255
25 23 15 0 169 255
26 23 15 0 169 255
6 24 15 0 169 255
7 24 15 0 169 255
25 24 15 0 169 255
26 24 15 0 169 255
9 1 16 0 169 255
10 1 16 0 169 255
11 1 16 0 169 255
12 1 16 0 169 255
13 1 16 0 169 255
14 1 16 0 169 255
15 1 16 0 169 255
16 1 16 0 169 255
17 1 16 0 169 255
18 1 16 0 169 255
19 1 16 0 169 255
20 1 16 0 169 255
21 1 16 0 169 255
22 1 16 0 169 255
23 1 16 0 169 255
8 2 16 0 169 255
9 2 16 0 169 255
10 2 16 0 169 255
11 2 16 0 169 255
12 2 16 0 169 255
13 2 16 0 169 255
14 2 16 0 169 255
15 2 16 0 169 255
16 2 16 0 169 255
17 2 16 0 169 255
18 2 16 0 169 255
19 2 16 0 169 255
20 2 16 0 169 255
21 2 16 0 169 255
22 2 16 0 169 255
23 2 16 0 169 255
24 2 16 0 169 255
8 3 16 0 169 255
9 3 16 0 169 255
10 3 16 0 169 255
11 3 16 0 169 255
12 3 16 0 169 255
13 3 16 0 169 255
14 3 16 0 169 255
15 3 16 0 169 255
16 3 16 0 169 255
17 3 16 0 169 255
18 3 16 0 169 255
19 3 16 0 169 255
20 3 16 0 169 255
21 3 16 0 169 255
22 3 16 0 169 255
23 3 16 0 169 255
24 3 16 0 169 255
8 4 16 0 169 255
9 4 16 0 169 255
23 4 16 0 169 255
24 4 16 0 169 255
8 5 16 0 169 255
9 5 16 0 169 255
23 5 16 0 169 255
24 5 16 0 169 255
8 6 16 0 169 255
9 6 16 0 169 255
23 6 16 0 169 255
24 6 16 0 169 255
8 7 16 0 169 255
9 7 16 0 169 255
23 7 16 0 169 255
24 7 16 0 169 255
8 8 16 0 169 255
9 8 16 0 169 255
23 8 16 0 169 255
24 8 16 0 169 255
8 9 16 0 169 255
9 9 16 0 169 255
23 9 16 0 169 255
24 9 16 0 169 255
7 10 16 0 169 255
8 10 16 0 169 255
9 10 16 0 169 255
23 10 16 0 169 255
24 10 16 0 169 255
25 10 16 0 169 255
7 11 16 0 169 255
8 11 16 0 169 255
9 11 16 0 169 255
23 11 16 0 169 255
24 11 16 0 169 255
25 11 16 0 169 255
7 12 16 0 169 255
8 12 16 0 169 255
9 12 16 0 169 255
23 12 16 0 169 255
24 12 16 0 169 255
25 12 16 0 169 255
7 13 16 0 169 255
8 13 16 0 169 255
24 13 16 0 169 255
25 13 16 0 169 255
7 14 16 0 169 255
8 14 16 0 169 255
24 14 16 0 169 255
25 14 16 0 169 255
7 15 16 0 169 255
8 15 16 0 169 255
24 15 16 0 169 255
25 15 16 0 169 255
7 16 16 0 169 255
8 16 16 0 169 255
24 16 16 0 169 255
25 16 16 0 169 255
7 17 16 0 169 255
8 17 16 0 169 255
24 17 16 0 169 255
25 17 16 0 169 255
6 18 16 0 169 255
7 18 16 0 169 255
8 18 16 0 169 255
24 18 16 0 169 255
25 18 16 0 169 255
26 18 16 0 169 255
6 19 16 0 169 255
7 19 16 0 169 255
8 19 16 0 169 255
24 19 16 0 169 255
25 19 16 0 169 255
26 19 16 0 169 255
6 20 16 0 169 255
7 20 16 0 169 255
8 20 16 0 169 255
24 20 16 0 169 255
25 20 16 0 169 255
26 20 16 0 169 255
6 21 16 0 169 255
7 21 16 0 169 255
8 21 16 0 169 255
24 21 16 0 169 255
25 21 16 0 169 255
26 21 16 0 169 255
6 22 16 0 169 255
7 22 16 0 169 255
25 22 16 0 169 255
26 22 16 0 169 255
6 23 16 0 169 255
7 23 16 0 169 255
25 23 16 0 169 255
26 23 16 0 169 255
6 24 16 0 169 255
7 24 16 0 169 255
25 24 16 0 169 255
26 24 16 0 169 255
9 1 17 0 169 255
10 1 17 0 169 255
11 1 17 0 169 255
12 1 17 0 169 255
13 1 17 0 169 255
14 1 17 0 169 255
15 1 17 0 169 255
16 1 17 0 169 255
17 1 17 0 169 255
18 1 17 0 169 255
19 1 17 0 169 255
20 1 17 0 169 255
21 1 17 0 169 255
22 1 17 0 169 255
23 1 17 0 169 255
8 2 17 0 169 255
9 2 17 0 169 255
10 2 17 0 169 255
11 2 17 0 169 255
12 2 17 0 169 255
13 2 17 0 169 255
14 2 17 0 169 255
15 2 17 0 169 255
16 2 17 0 169 255
17 2 17 0 169 255
18 2 17 0 169 255
19 2 17 0 169 255
20 2 17 0 169 255
21 2 17 0 169 255
22 2 17 0 169 255
23 2 17 0 169 255
24 2 17 0 169 255
8 3 17 0 169 255
9 3 17 0 169 255
10 3 17 0 169 255
11 3 17 0 169 255
12 3 17 0 169 255
13 3 17 0 169 255
14 3 17 0 169 255
15 3 17 0 169 255
16 3 17 0 169 255
17 3 17 0 169 255
18 3 17 0 169 255
19 3 17 0 169 255
20 3 17 0 169 255
21 3 17 0 169 255
22 3 17 0 169 255
23 3 17 0 169 255
24 3 17 0 169 255
8 4 17 0 169 255
9 4 17 0 169 255
23 4 17 0 169 255
24 4 17 0 169 255
8 5 17 0 169 255
9 5 17 0 169 255
23 5 17 0 169 255
24 5 17 0 169 255
8 6 17 0 169 255
9 6 17 0 169 255
23 6 17 0 169 255
24 6 17 0 169 255
8 7 17 0 169 255
9 7 17 0 169 255
23 7 17 0 169 255
24 7 17 0 169 255
8 8 17 0 169 255
9 8 17 0 169 255
23 8 17 0 169 255
24 8 17 0 169 255
8 9 17 0 169 255
9 9 17 0 169 255
23 9 17 0 169 255
24 9 17 0 169 255
7 10 17 0 169 255
8 10 17 0 169 255
9 10 17 0 169 255
23 10 17 0 169 255
24 10 17 0 169 255
25 10 17 0 169 255
7 11 17 0 169 255
8 11 17 0 169 255
9 11 17 0 169 255
23 11 17 0 169 255
24 11 17 0 169 255
25 11 17 0 169 255
7 12 17 0 169 255
8 12 17 0 169 255
9 12 17 0 169 255
23 12 17 0 169 255
24 12 17 0 169 255
25 12 17 0 169 255
7 13 17 0 169 255
8 13 17 0 169 255
24 13 17 0 169 255
25 13 17 0 169 255
7 14 17 0 169 255
8 14 17 0 169 255
24 14 17 0 169 255
25 14 17 0 169 255
7 15 17 0 169 255
8 15 17 0 169 255
24 15 17 0 169 255
25 15 17 0 169 255
7 16 17 0 169 255
8 16 17 0 169 255
24 16 17 0 169 255
25 16 17 0 169 255
7 17 17 0 169 255
8 17 17 0 169 255
24 17 17 0 169 255
25 17 17 0 169 255
6 18 17 0 169 255
7 18 17 0 169 255
8 18 17 0 169 255
24 18 17 0 169 255
25 18 17 0 169 255
26 18 17 0 169 255
6 19 17 0 169 255
7 19 17 0 169 255
8 19 17 0 169 255
24 19 17 0 169 255
25 19 17 0 169 255
26 19 17 0 169 255
6 20 17 0 169 255
7 20 17 0 169 255
8 20 17 0 169 255
24 20 17 0 169 255
25 20 17 0 169 255
26 20 17 0 169 255
6 21 17 0 169 255
7 21 17 0 169 255
8 21 17 0 169 255
24 21 17 0 169 255
25 21 17 0 169 255
26 21 17 0 169 255
6 22 17 0 169 255
7 22 17 0 169 255
25 22 17 0 169 255
26 22 17 0 169 255
6 23 17 0 169 255
7 23 17 0 169 255
25 23 17 0 169 255
26 23 17 0 169 255
6 24 17 0 169 255
7 24 17 0 169 255
25 24 17 0 169 255
26 24 17 0 169 255
9 1 18 0 169 255
10 1 18 0 169 255
11 1 18 0 169 255
12 1 18 0 169 255
13 1 18 0 169 255
14 1 18 0 169 255
15 1 18 0 169 255
16 1 18 0 169 255
17 1 18 0 169 255
18 1 18 0 169 255
19 1 18 0 169 255
20 1 18 0 169 255
21 1 18 0 169 255
22 1 18 0 169 255
23 1 18 0 169 255
8 2 18 0 169 255
9 2 18 0 169 255
10 2 18 0 169 255
11 2 18 0 169 255
12 2 18 0 169 255
13 2 18 0 169 255
14 2 18 0 169 255
15 2 18 0 169 255
16 2 18 0 169 255
17 2 18 0 169 255
18 2 18 0 169 255
19 2 18 0 169 255
20 2 18 0 169 255
21 2 18 0 169 255
22 2 18 0 169 255
23 2 18 0 169 255
24 2 18 0 169 255
8 3 18 0 169 255
9 3 18 0 169 255
10 3 18 0 169 255
11 3 18 0 169 255
12 3 18 0 169 255
13 3 18 0 169 255
14 3 18 0 169 255
15 3 18 0 169 255
16 3 18 0 169 255
17 3 18 0 169 255
18 3 18 0 169 255
19 3 18 0 169 255
20 3 18 0 169 255
21 3 18 0 169 255
22 3 18 0 169 255
23 3 18 0 169 255
24 3 18 0 169 255
8 4 18 0 169 255
9 4 18 0 169 255
23 4 18 0 169 255
24 4 18 0 169 255
8 5 18 0 169 255
9 5 18 0 169 255
23 5 18 0 169 255
24 5 18 0 169 255
8 6 18 0 169 255
9 6 18 0 169 255
23 6 18 0 169 255
24 6 18 0 169 255
8 7 18 0 169 255
9 7 18 0 169 255
23 7 18 0 169 255
24 7 18 0 169 255
8 8 18 0 169 255
9 8 18 0 169 255
23 8 18 0 169 255
24 8 18 0 169 255
8 9 18 0 169 255
9 9 18 0 169 255
23 9 18 0 169 255
24 9 18 0 169 255
7 10 18 0 169 255
8 10 18 0 169 255
9 10 18 0 169 255
23 10 18 0 169 255
24 10 18 0 169 255
25 10 18 0 169 255
7 11 18 0 169 255
8 11 18 0 169 255
9 11 18 0 169 255
23 11 18 0 169 255
24 11 18 0 169 255
25 11 18 0 169 255
7 12 18 0 169 255
8 12 18 0 169 255
9 12 18 0 169 255
23 12 18 0 169 255
24 12 18 0 169 255
25 12 18 0 169 255
7 13 18 0 169 255
8 13 18 0 169 255
24 13 18 0 169 255
25 13 18 0 169 255
7 14 18 0 169 255
8 14 18 0 169 255
24 14 18 0 169 255
25 14 18 0 169 255
7 15 18 0 169 255
8 15 18 0 169 255
24 15 18 0 169 255
25 15 18 0 169 255
7 16 18 0 169 255
8 16 18 0 169 255
24 16 18 0 169 255
25 16 18 0 169 255
7 17 18 0 169 255
8 17 18 0 169 255
24 17 18 0 169 255
25 17 18 0 169 255
6 18 18 0 169 255
7 18 18 0 169 255
8 18 18 0 169 255
24 18 18 0 169 255
25 18 18 0 169 255
26 18 18 0 169 255
6 19 18 0 169 255
7 19 18 0 169 255
8 19 18 0 169 255
24 19 18 0 169 255
25 19 18 0 169 255
26 19 18 0 169 255
6 20 18 0 169 255
7 20 18 0 169 255
8 20 18 0 169 255
24 20 18 0 169 255
25 20 18 0 169 255
26 20 18 0 169 255
6 21 18 0 169 255
7 21 18 0 169 255
8 21 18 0 169 255
24 21 18 0 169 255
25 21 18 0 169 255
26 21 18 0 169 255
6 22 18 0 169 255
7 22 18 0 169 255
25 22 18 0 169 255
26 22 18 0 169 255
6 23 18 0 169 255
7 23 18 0 169 255
25 23 18 0 169 255
26 23 18 0 169 255
6 24 18 0 169 255
7 24 18 0 169 255
25 24 18 0 169 255
26 24 18 0 169 255
9 1 19 0 169 255
10 1 19 0 169 255
11 1 19 0 169 255
12 1 19 0 169 255
13 1 19 0 169 255
14 1 19 0 169 255
15 1 19 0 169 255
16 1 19 0 169 255
17 1 19 0 169 255
18 1 19 0 169 255
19 1 19 0 169 255
20 1 19 0 169 255
21 1 19 0 169 255
22 1 19 0 169 255
23 1 19 0 169 255
8 2 19 0 169 255
9 2 19 0 169 255
10 2 19 0 169 255
11 2 19 0 169 255
12 2 19 0 169 255
13 2 19 0 169 255
14 2 19 0 169 255
15 2 19 0 169 255
16 2 19 0 169 255
17 2 19 0 169 255
18 2 19 0 169 255
19 2 19 0 169 255
20 2 19 0 169 255
21 2 19 0 169 255
22 2 19 0 169 255
23 2 19 0 169 255
24 2 19 0 169 255
8 3 19 0 169 255
9 3 19 0 169 255
10 3 19 0 169 255
11 3 19 0 169 255
12 3 19 0 169 255
13 3 19 0 169 255
14 3 19 0 169 255
15 3 19 0 169 255
16 3 19 0 169 255
17 3 19 0 169 255
18 3 19 0 169 255
19 3 19 0 169 255
20 3 19 0 169 255
21 3 19 0 169 255
22 3 19 0 169 255
23 3 19 0 169 255
24 3 19 0 169 255
8 4 19 0 169 255
9 4 19 0 169 255
23 4 19 0 169 255
24 4 19 0 169 255
8 5 19 0 169 255
9 5 19 0 169 255
23 5 19 0 169 255
24 5 19 0 169 255
8 6 19 0 169 255
9 6 19 0 169 255
23 6 19 0 169 255
24 6 19 0 169 255
8 7 19 0 169 255
9 7 19 0 169 255
23 7 19 0 169 255
24 7 19 0 169 255
8 8 19 0 169 255
9 8 19 0 169 255
23 8 19 0 169 255
24 8 19 0 169 255
8 9 19 0 169 255
9 9 19 0 169 255
23 9 19 0 169 255
24 9 19 0 169 255
7 10 19 0 169 255
8 10 19 0 169 255
9 10 19 0 169 255
23 10 19 0 169 255
24 10 19 0 169 255
25 10 19 0 169 255
7 11 19 0 169 255
8 11 19 0 169 255
9 11 19 0 169 255
23 11 19 0 169 255
24 11 19 0 169 255
25 11 19 0 169 255
7 12 19 0 169 255
8 12 19 0 169 255
9 12 19 0 169 255
23 12 19 0 169 255
24 12 19 0 169 255
25 12 19 0 169 255
7 13 19 0 169 255
8 13 19 0 169 255
24 13 19 0 169 255
25 13 19 0 169 255
7 14 19 0 169 255
8 14 19 0 169 255
24 14 19 0 169 255
25 14 19 0 169 255
7 15 19 0 169 255
8 15 19 0 169 255
24 15 19 0 169 255
25 15 19 0 169 255
7 16 19 0 169 255
8 16 19 0 169 255
24 16 19 0 169 255
25 16 19 0 169 255
7 17 19 0 169 255
8 17 19 0 169 255
24 17 19 0 169 255
25 17 19 0 169 255
6 18 19 0 169 255
7 18 19 0 169 255
8 18 19 0 169 255
24 18 19 0 169 255
25 18 19 0 169 255
26 18 19 0 169 255
6 19 19 0 169 255
7 19 19 0 169 255
8 19 19 0 169 255
24 19 19 0 169 255
25 19 19 0 169 255
26 19 19 0 169 255
6 20 19 0 169 255
7 20 19 0 169 255
8 20 19 0 169 255
24 20 19 0 169 255
25 20 19 0 169 255
26 20 19 0 169 255
6 21 19 0 169 255
7 21 19 0 169 255
8 21 19 0 169 255
24 21 19 0 169 255
25 21 19 0 169 255
26 21 19 0 169 255
6 22 19 0 169 255
7 22 19 0 169 255
25 22 19 0 169 255
26 22 19 0 169 255
6 23 19 0 169 255
7 23 19 0 169 255
25 23 19 0 169 255
26 23 19 0 169 255
6 24 19 0 169 255
7 24 19 0 169 255
25 24 19 0 169 255
26 24 19 0 169 255
10 1 20 0 169 255
11 1 20 0 169 255
12 1 20 0 169 255
13 1 20 0 169 255
14 1 20 0 169 255
15 1 20 0 169 255
16 1 20 0 169 255
17 1 20 0 169 255
18 1 20 0 169 255
19 1 20 0 169 255
20 1 20 0 169 255
21 1 20 0 169 255
22 1 20 0 169 255
9 2 20 0 169 255
10 2 20 0 169 255
11 2 20 0 169 255
12 2 20 0 169 255
13 2 20 0 169 255
14 2 20 0 169 255
15 2 20 0 169 255
16 2 20 0 169 255
17 2 20 0 169 255
18 2 20 0 169 255
19 2 20 0 169 255
20 2 20 0 169 255
21 2 20 0 169 255
22 2 20 0 169 255
23 2 20 0 169 255
8 3 20 0 169 255
9 3 20 0 169 255
10 3 20 0 169 255
11 3 20 0 169 255
12 3 20 0 169 255
13 3 20 0 169 255
14 3 20 0 169 255
15 3 20 0 169 255
16 3 20 0 169 255
17 3 20 0 169 255
18 3 20 0 169 255
19 3 20 0 169 255
20 3 20 0 169 255
21 3 20 0 169 255
22 3 20 0 169 255
23 3 20 0 169 255
24 3 20 0 169 255
8 4 20 0 169 255
9 4 20 0 169 255
10 4 20 0 169 255
11 4 20 0 169 255
12 4 20 0 169 255
13 4 20 0 169 255
14 4 20 0 169 255
15 4 20 0 169 255
16 4 20 0 169 255
17 4 20 0 169 255
18 4 20 0 169 255
19 4 20 0 169 255
20 4 20 0 169 255
21 4 20 0 169 255
22 4 20 0 169 255
23 4 20 0 169 255
24 4 20 0 169 255
8 5 20 0 169 255
9 5 20 0 169 255
10 5 20 0 169 255
11 5 20 0 169 255
12 5 20 0 169 255
13 5 20 0 169 255
14 5 20 0 169 255
15 5 20 0 169 255
16 5 20 0 169 255
17 5 20 0 169 255
18 5 20 0 169 255
19 5 20 0 169 255
20 5 20 0 169 255
21 5 20 0 169 255
22 5 20 0 169 255
23 5 20 0 169 255
24 5 20 0 169 255
8 6 20 0 169 255
9 6 20 0 169 255
10 6 20 0 169 255
11 6 20 0 169 255
12 6 20 0 169 255
13 6 20 0 169 255
14 6 20 0 169 255
15 6 20 0 169 255
16 6 20 0 169 255
17 6 20 0 169 255
18 6 20 0 169 255
19 6 20 0 169 255
20 6 20 0 169 255
21 6 20 0 169 255
22 6 20 0 169 255
23 6 20 0 169 255
24 6 20 0 169 255
8 7 20 0 169 255
9 7 20 0 169 255
10 7 20 0 169 255
11 7 20 0 169 255
12 7 20 0 169 255
13 7 20 0 169 255
14 7 20 0 169 255
15 7 20 0 169 255
16 7 20 0 169 255
17 7 20 0 169 255
18 7 20 0 169 255
19 7 20 0 169 255
20 7 20 0 169 255
21 7 20 0 169 255
22 7 20 0 169 255
23 7 20 0 169 255
24 7 20 0 169 255
8 8 20 0 169 255
9 8 20 0 169 255
10 8 20 0 169 255
22 8 20 0 169 255
23 8 20 0 169 255
24 8 20 0 169 255
8 9 20 0 169 255
9 9 20 0 169 255
23 9 20 0 169 255
24 9 20 0 169 255
7 10 20 0 169 255
8 10 20 0 169 255
9 10 20 0 169 255
23 10 20 0 169 255
24 10 20 0 169 255
25 10 20 0 169 255
7 11 20 0 169 255
8 11 20 0 169 255
9 11 20 0 169 255
23 11 20 0 169 255
24 11 20 0 169 255
25 11 20 0 169 255
7 12 20 0 169 255
8 12 20 0 169 255
9 12 20 0 169 255
23 12 20 0 169 255
24 12 20 0 169 255
25 12 20 0 169 255
7 13 20 0 169 255
8 13 20 0 169 255
9 13 20 0 169 255
23 13 20 0 169 255
24 13 20 0 169 255
25 13 20 0 169 255
7 14 20 0 169 255
8 14 20 0 169 255
24 14 20 0 169 255
25 14 20 0 169 255
7 15 20 0 169 255
8 15 20 0 169 255
24 15 20 0 169 255
25 15 20 0 169 255
7 16 20 0 169 255
8 16 20 0 169 255
24 16 20 0 169 255
25 16 20 0 169 255
7 17 20 0 169 255
8 17 20 0 169 255
24 17 20 0 169 255
25 17 20 0 169 255
6 18 20 0 169 255
7 18 20 0 169 255
8 18 20 0 169 255
24 18 20 0 169 255
25 18 20 0 169 255
26 18 20 0 169 255
6 19 20 0 169 255
7 19 20 0 169 255
8 19 20 0 169 255
24 19 20 0 169 255
25 19 20 0 169 255
26 19 20 0 169 255
6 20 20 0 169 255
7 20 20 0 169 255
8 20 20 0 169 255
24 20 20 0 169 255
25 20 20 0 169 255
26 20 20 0 169 255
6 21 20 0 169 255
7 21 20 0 169 255
8 21 20 0 169 255
24 21 20 0 169 255
25 21 20 0 169 255
26 21 20 0 169 255
6 22 20 0 169 255
7 22 20 0 169 255
25 22 20 0 169 255
26 22 20 0 169 255
6 23 20 0 169 255
7 23 20 0 169 255
25 23 20 0 169 255
26 23 20 0 169 255
6 24 20 0 169 255
7 24 20 0 169 255
25 24 20 0 169 255
26 24 20 0 169 255
9 2 21 0 169 255
10 2 21 0 169 255
11 2 21 0 169 255
12 2 21 0 169 255
13 2 21 0 169 255
14 2 21 0 169 255
15 2 21 0 169 255
16 2 21 0 169 255
17 2 21 0 169 255
18 2 21 0 169 255
19 2 21 0 169 255
20 2 21 0 169 255
21 2 21 0 169 255
22 2 21 0 169 255
23 2 21 0 169 255
9 3 21 0 169 255
10 3 21 0 169 255
11 3 21 0 169 255
12 3 21 0 169 255
13 3 21 0 169 255
14 3 21 0 169 255
15 3 21 0 169 255
16 3 21 0 169 255
17 3 21 0 169 255
18 3 21 0 169 255
19 3 21 0 169 255
20 3 21 0 169 255
21 3 21 0 169 255
22 3 21 0 169 255
23 3 21 0 169 255
9 4 21 0 169 255
10 4 21 0 169 255
11 4 21 0 169 255
12 4 21 0 169 255
13 4 21 0 169 255
14 4 21 0 169 255
15 4 21 0 169 255
16 4 21 0 169 255
17 4 21 0 169 255
18 4 21 0 169 255
19 4 21 0 169 255
20 4 21 0 169 255
21 4 21 0 169 255
22 4 21 0 169 255
23 4 21 0 169 255
9 5 21 0 169 255
10 5 21 0 169 255
11 5 21 0 169 255
12 5 21 0 169 255
13 5 21 0 169 255
14 5 21 0 169 255
15 5 21 0 169 255
16 5 21 0 169 255
17 5 21 0 169 255
18 5 21 0 169 255
19 5 21 0 169 255
20 5 21 0 169 255
21 5 21 0 169 255
22 5 21 0 169 255
23 5 21 0 169 255
8 6 21 0 169 255
9 6 21 0 169 255
10 6 21 0 169 255
11 6 21 0 169 255
12 6 21 0 169 255
13 6 21 0 169 255
14 6 21 0 169 255
15 6 21 0 169 255
16 6 21 0 169 255
17 6 21 0 169 255
18 6 21 0 169 255
19 6 21 0 169 255
20 6 21 0 169 255
21 6 21 0 169 255
22 6 21 0 169 255
23 6 21 0 169 255
24 6 21 0 169 255
8 7 21 0 169 255
9 7 21 0 169 255
10 7 21 0 169 255
11 7 21 0 169 255
12 7 21 0 169 255
13 7 21 0 169 255
14 7 21 0 169 255
15 7 21 0 169 255
16 7 21 0 169 255
17 7 21 0 169 255
18 7 21 0 169 255
19 7 21 0 169 255
20 7 21 0 169 255
21 7 21 0 169 255
22 7 21 0 169 255
23 7 21 0 169 255
24 7 21 0 169 255
8 8 21 0 169 255
9 8 21 0 169 255
10 8 21 0 169 255
11 8 21 0 169 255
12 8 21 0 169 255
13 8 21 0 169 255
14 8 21 0 169 255
15 8 21 0 169 255
16 8 21 0 169 255
17 8 21 0 169 255
18 8 21 0 169 255
19 8 21 0 169 255
20 8 21 0 169 255
21 8 21 0 169 255
22 8 21 0 169 255
23 8 21 0 169 255
24 8 21 0 169 255
8 9 21 0 169 255
9 9 21 0 169 255
10 9 21 0 169 255
11 9 21 0 169 255
12 9 21 0 169 255
13 9 21 0 169 255
14 9 21 0 169 255
15 9 21 0 169 255
16 9 21 0 169 255
17 9 21 0 169 255
18 9 21 0 169 255
19 9 21 0 169 255
20 9 21 0 169 255
21 9 21 0 169 255
22 9 21 0 169 255
23 9 21 0 169 255
24 9 21 0 169 255
8 10 21 0 169 255
9 10 21 0 169 255
10 10 21 0 169 255
11 10 21 0 169 255
12 10 21 0 169 255
13 10 21 0 169 255
14 10 21 0 169 255
15 10 21 0 169 255
16 10 21 0 169 255
17 10 21 0 169 255
18 10 21 0 169 255
19 10 21 0 169 255
20 10 21 0 169 255
21 10 21 0 169 255
22 10 21 0 169 255
23 10 21 0 169 255
24 10 21 0 169 255
8 11 21 0 169 255
9 11 21 0 169 255
10 11 21 0 169 255
11 11 21 0 169 255
12 11 21 0 169 255
13 11 21 0 169 255
14 11 21 0 169 255
15 11 21 0 169 255
16 11 21 0 169 255
17 11 21 0 169 255
18 11 21 0 169 255
19 11 21 0 169 255
20 11 21 0 169 255
21 11 21 0 169 255
22 11 21 0 169 255
23 11 21 0 169 255
24 11 21 0 169 255
8 12 21 0 169 255
9 12 21 0 169 255
10 12 21 0 169 255
11 12 21 0 169 255
12 12 21 0 169 255
13 12 21 0 169 255
14 12 21 0 169 255
15 12 21 0 169 255
16 12 21 0 169 255
17 12 21 0 169 255
18 12 21 0 169 255
19 12 21 0 169 255
20 12 21 0 169 255
21 12 21 0 169 255
22 12 21 0 169 255
23 12 21 0 169 255
24 12 21 0 169 255
7 13 21 0 169 255
8 13 21 0 169 255
9 13 21 0 169 255
10 13 21 0 169 255
11 13 21 0 169 255
12 13 21 0 169 255
13 13 21 0 169 255
14 13 21 0 169 255
15 13 21 0 169 255
16 13 21 0 169 255
17 13 21 0 169 255
18 13 21 0 169 255
19 13 21 0 169 255
20 13 21 0 169 255
21 13 21 0 169 255
22 13 21 0 169 255
23 13 21 0 169 255
24 13 21 0 169 255
25 13 21 0 169 255
7 14 21 0 169 255
8 14 21 0 169 255
9 14 21 0 169 255
10 14 21 0 169 255
11 14 21 0 169 255
12 14 21 0 169 255
13 14 21 0 169 255
14 14 21 0 169 255
15 14 21 0 169 255
16 14 21 0 169 255
17 14 21 0 169 255
18 14 21 0 169 255
19 14 21 0 169 255
20 14 21 0 169 255
21 14 21 0 169 255
22 14 21 0 169 255
23 14 21 0 169 255
24 14 21 0 169 255
25 14 21 0 169 255
7 15 21 0 169 255
8 15 21 0 169 255
9 15 21 0 169 255
10 15 21 0 169 255
11 15 21 0 169 255
12 15 21 0 169 255
13 15 21 0 169 255
14 15 21 0 169 255
15 15 21 0 169 255
16 15 21 0 169 255
17 15 21 0 169 255
18 15 21 0 169 255
19 15 21 0 169 255
20 15 21 0 169 255
21 15 21 0 169 255
22 15 21 0 169 255
23 15 21 0 169 255
24 15 21 0 169 255
25 15 21 0 169 255
7 16 21 0 169 255
8 16 21 0 169 255
9 16 21 0 169 255
10 16 21 0 169 255
11 16 21 0 169 255
12 16 21 0 169 255
13 16 21 0 169 255
14 16 21 0 169 255
15 16 21 0 169 255
16 16 21 0 169 255
17 16 21 0 169 255
18 16 21 0 169 255
19 16 21 0 169 255
20 16 21 0 169 255
21 16 21 0 169 255
22 16 21 0 169 255
23 16 21 0 169 255
24 16 21 0 169 255
25 16 21 0 169 255
7 17 21 0 169 255
8 17 21 0 169 255
9 17 21 0 169 255
10 17 21 0 169 255
11 17 21 0 169 255
12 17 21 0 169 255
13 17 21 0 169 255
14 17 21 0 169 255
15 17 21 0 169 255
16 17 21 0 169 255
17 17 21 0 169 255
18 17 21 0 169 255
19 17 21 0 169 255
20 17 21 0 169 255
21 17 21 0 169 255
22 17 21 0 169 255
23 17 21 0 169 255
24 17 21 0 169 255
25 17 21 0 169 255
7 18 21 0 169 255
8 18 21 0 169 255
9 18 21 0 169 255
10 18 21 0 169 255
11 18 21 0 169 255
12 18 21 0 169 255
13 18 21 0 169 255
14 18 21 0 169 255
15 18 21 0 169 255
16 18 21 0 169 255
17 18 21 0 169 255
18 18 21 0 169 255
19 18 21 0 169 255
20 18 21 0 169 255
21 18 21 0 169 255
22 18 21 0 169 255
23 18 21 0 169 255
24 18 21 0 169 255
25 18 21 0 169 255
7 19 21 0 169 255
8 19 21 0 169 255
9 19 21 0 169 255
10 19 21 0 169 255
11 19 21 0 169 255
12 19 21 0 169 255
13 19 21 0 169 255
14 19 21 0 169 255
15 19 21 0 169 255
16 19 21 0 169 255
17 19 21 0 169 255
18 19 21 0 169 255
19 19 21 0 169 255
20 19 21 0 169 255
21 19 21 0 169 255
22 19 21 0 169 255
23 19 21 0 169 255
24 19 21 0 169 255
25 19 21 0 169 255
6 20 21 0 169 255
7 20 21 0 169 255
8 20 21 0 169 255
9 20 21 0 169 255
10 20 21 0 169 255
11 20 21 0 169 255
12 20 21 0 169 255
13 20 21 0 169 255
14 20 21 0 169 255
15 20 21 0 169 255
16 20 21 0 169 255
17 20 21 0 169 255
18 20 21 0 169 255
19 20 21 0 169 255
20 20 21 0 169 255
21 20 21 0 169 255
22 20 21 0 169 255
23 20 21 0 169 255
24 20 21 0 169 255
25 20 21 0 169 255
26 20 21 0 169 255
6 21 21 0 169 255
7 21 21 0 169 255
8 21 21 0 169 255
9 21 21 0 169 255
10 21 21 0 169 255
11 21 21 0 169 255
12 21 21 0 169 255
13 21 21 0 169 255
14 21 21 0 169 255
15 21 21 0 169 255
16 21 21 0 169 255
17 21 21 0 169 255
18 21 21 0 169 255
19 21 21 0 169 255
20 21 21 0 169 255
21 21 21 0 169 255
22 21 21 0 169 255
23 21 21 0 169 255
24 21 21 0 169 255
25 21 21 0 169 255
26 21 21 0 169 255
6 22 21 0 169 255
7 22 21 0 169 255
8 22 21 0 169 255
24 22 21 0 169 255
25 22 21 0 169 255
26 22 21 0 169 255
6 23 21 0 169 255
7 23 21 0 169 255
8 23 21 0 169 255
24 23 21 0 169 255
25 23 21 0 169 255
26 23 21 0 169 255
7 24 21 0 169 255
25 24 21 0 169 255
11 4 22 0 169 255
12 4 22 0 169 255
13 4 22 0 169 255
14 4 22 0 169 255
15 4 22 0 169 255
16 4 22 0 169 255
17 4 22 0 169 255
18 4 22 0 169 255
19 4 22 0 169 255
20 4 22 0 169 255
21 4 22 0 169 255
10 5 22 0 169 255
11 5 22 0 169 255
12 5 22 0 169 255
13 5 22 0 169 255
14 5 22 0 169 255
15 5 22 0 169 255
16 5 22 0 169 255
17 5 22 0 169 255
18 5 22 0 169 255
19 5 22 0 169 255
20 5 22 0 169 255
21 5 22 0 169 255
22 5 22 0 169 255
10 6 22 0 169 255
11 6 22 0 169 255
12 6 22 0 169 255
13 6 22 0 169 255
14 6 22 0 169 255
15 6 22 0 169 255
16 6 22 0 169 255
17 6 22 0 169 255
18 6 22 0 169 255
19 6 22 0 169 255
20 6 22 0 169 255
21 6 22 0 169 255
22 6 22 0 169 255
10 7 22 0 169 255
11 7 22 0 169 255
12 7 22 0 169 255
13 7 22 0 169 255
14 7 22 0 169 255
15 7 22 0 169 255
16 7 22 0 169 255
17 7 22 0 169 255
18 7 22 0 169 255
19 7 22 0 169 255
20 7 22 0 169 255
21 7 22 0 169 255
22 7 22 0 169 255
9 8 22 0 169 255
10 8 22 0 169 255
11 8 22 0 169 255
12 8 22 0 169 255
13 8 22 0 169 255
14 8 22 0 169 255
15 8 22 0 169 255
16 8 22 0 169 255
17 8 22 0 169 255
18 8 22 0 169 255
19 8 22 0 169 255
20 8 22 0 169 255
21 8 22 0 169 255
22 8 22 0 169 255
23 8 22 0 169 255
9 9 22 0 169 255
10 9 22 0 169 255
11 9 22 0 169 255
12 9 22 0 169 255
13 9 22 0 169 255
14 9 22 0 169 255
15 9 22 0 169 255
16 9 22 0 169 255
17 9 22 0 169 255
18 9 22 0 169 255
19 9 22 0 169 255
20 9 22 0 169 255
21 9 22 0 169 255
22 9 22 0 169 255
23 9 22 0 169 255
9 10 22 0 169 255
10 10 22 0 169 255
11 10 22 0 169 255
12 10 22 0 169 255
13 10 22 0 169 255
14 10 22 0 169 255
15 10 22 0 169 255
16 10 22 0 169 255
17 10 22 0 169 255
18 10 22 0 169 255
19 10 22 0 169 255
20 10 22 0 169 255
21 10 22 0 169 255
22 10 22 0 169 255
23 10 22 0 169 255
9 11 22 0 169 255
10 11 22 0 169 255
11 11 22 0 169 255
12 11 22 0 169 255
13 11 22 0 169 255
14 11 22 0 169 255
15 11 22 0 169 255
16 11 22 0 169 255
17 11 22 0 169 255
18 11 22 0 169 255
19 11 22 0 169 255
20 11 22 0 169 255
21 11 22 0 169 255
22 11 22 0 169 255
23 11 22 0 169 255
8 12 22 0 169 255
9 12 22 0 169 255
10 12 22 0 169 255
11 12 22 0 169 255
12 12 22 0 169 255
13 12 22 0 169 255
14 12 22 0 169 255
15 12 22 0 169 255
16 12 22 0 169 255
17 12 22 0 169 255
18 12 22 0 169 255
19 12 22 0 169 255
20 12 22 0 169 255
21 12 22 0 169 255
22 12 22 0 169 255
23 12 22 0 169 255
24 12 22 0 169 255
8 13 22 0 169 255
9 13 22 0 169 255
10 13 22 0 169 255
11 13 22 0 169 255
12 13 22 0 169 255
13 13 22 0 169 255
14 13 22 0 169 255
15 13 22 0 169 255
16 13 22 0 169 255
17 13 22 0 169 255
18 13 22 0 169 255
19 13 22 0 169 255
20 13 22 0 169 255
21 13 22 0 169 255
22 13 22 0 169 255
23 13 22 0 169 255
24 13 22 0 169 255
8 14 22 0 169 255
9 14 22 0 169 255
10 14 22 0 169 255
11 14 22 0 169 255
12 14 22 0 169 255
13 14 22 0 169 255
14 14 22 0 169 255
15 14 22 0 169 255
16 14 22 0 169 255
17 14 22 0 169 255
18 14 22 0 169 255
19 14 22 0 169 255
20 14 22 0 169 255
21 14 22 0 169 255
22 14 22 0 169 255
23 14 22 0 169 255
24 14 22 0 169 255
8 15 22 0 169 255
9 15 22 0 169 255
10 15 22 0 169 255
11 15 22 0 169 255
12 15 22 0 169 255
13 15 22 0 169 255
14 15 22 0 169 255
15 15 22 0 169 255
16 15 22 0 169 255
17 15 22 0 169 255
18 15 22 0 169 255
19 15 22 0 169 255
20 15 22 0 169 255
21 15 22 0 169 255
22 15 22 0 169 255
23 15 22 0 169 255
24 15 22 0 169 255
8 16 22 0 169 255
9 16 22 0 169 255
10 16 22 0 169 255
11 16 22 0 169 255
12 16 22 0 169 255
13 16 22 0 169 255
14 16 22 0 169 255
15 16 22 0 169 255
16 16 22 0 169 255
17 16 22 0 169 255
18 16 22 0 169 255
19 16 22 0 169 255
20 16 22 0 169 255
21 16 22 0 169 255
22 16 22 0 169 255
23 16 22 0 169 255
24 16 22 0 169 255
7 17 22 0 169 255
8 17 22 0 169 255
9 17 22 0 169 255
10 17 22 0 169 255
11 17 22 0 169 255
12 17 22 0 169 255
13 17 22 0 169 255
14 17 22 0 169 255
15 17 22 0 169 255
16 17 22 0 169 255
17 17 22 0 169 255
18 17 22 0 169 255
19 17 22 0 169 255
20 17 22 0 169 255
21 17 22 0 169 255
22 17 22 0 169 255
23 17 22 0 169 255
24 17 22 0 169 255
25 17 22 0 169 255
7 18 22 0 169 255
8 18 22 0 169 255
9 18 22 0 169 255
10 18 22 0 169 255
11 18 22 0 169 255
12 18 22 0 169 255
13 18 22 0 169 255
14 18 22 0 169 255
15 18 22 0 169 255
16 18 22 0 169 255
17 18 22 0 169 255
18 18 22 0 169 255
19 18 22 0 169 255
20 18 22 0 169 255
21 18 22 0 169 255
22 18 22 0 169 255
23 18 22 0 169 255
24 18 22 0 169 255
25 18 22 0 169 255
7 19 22 0 169 255
8 19 22 0 169 255
9 19 22 0 169 255
10 19 22 0 169 255
11 19 22 0 169 255
12 19 22 0 169 255
13 19 22 0 169 255
14 19 22 0 169 255
15 19 22 0 169 255
16 19 22 0 169 255
17 19 22 0 169 255
18 19 22 0 169 255
19 19 22 0 169 255
20 19 22 0 169 255
21 19 22 0 169 255
22 19 22 0 169 255
23 19 22 0 169 255
24 19 22 0 169 255
25 19 22 0 169 255
7 20 22 0 169 255
8 20 22 0 169 255
9 20 22 0 169 255
10 20 22 0 169 255
11 20 22 0 169 255
12 20 22 0 169 255
13 20 22 0 169 255
14 20 22 0 169 255
15 20 22 0 169 255
16 20 22 0 169 255
17 20 22 0 169 255
18 20 22 0 169 255
19 20 22 0 169 255
20 20 22 0 169 255
21 20 22 0 169 255
22 20 22 0 169 255
23 20 22 0 169 255
24 20 22 0 169 255
25 20 22 0 169 255
7 21 22 0 169 255
8 21 22 0 169 255
9 21 22 0 169 255
10 21 22 0 169 255
11 21 22 0 169 255
12 21 22 0 169 255
13 21 22 0 169 255
14 21 22 0 169 255
15 21 22 0 169 255
16 21 22 0 169 255
17 21 22 0 169 255
18 21 22 0 169 255
19 21 22 0 169 255
20 21 22 0 169 255
21 21 22 0 169 255
22 21 22 0 169 255
23 21 22 0 169 255
24 21 22 0 169 255
25 21 22 0 169 255
6 22 22 0 169 255
7 22 22 0 169 255
8 22 22 0 169 255
9 22 22 0 169 255
10 22 22 0 169 255
11 22 22 0 169 255
12 22 22 0 169 255
13 22 22 0 169 255
14 22 22 0 169 255
15 22 22 0 169 255
16 22 22 0 169 255
17 22 22 0 169 255
18 22 22 0 169 255
19 22 22 0 169 255
20 22 22 0 169 255
21 22 22 0 169 255
22 22 22 0 169 255
23 22 22 0 169 255
24 22 22 0 169 255
25 22 22 0 169 255
26 22 22 0 169 255
6 23 22 0 169 255
7 23 22 0 169 255
8 23 22 0 169 255
9 23 22 0 169 255
10 23 22 0 169 255
11 23 22 0 169 255
12 23 22 0 169 255
13 23 22 0 169 255
14 23 22 0 169 255
15 23 22 0 169 255
16 23 22 0 169 255
17 23 22 0 169 255
18 23 22 0 169 255
19 23 22 0 169 255
20 23 22 0 169 255
21 23 22 0 169 255
22 23 22 0 169 255
23 23 22 0 169 255
24 23 22 0 169 255
25 23 22 0 169 255
26 23 22 0 169 255
7 24 22 0 169 255
8 24 22 0 169 255
9 24 22 0 169 255
10 24 22 0 169 255
11 24 22 0 169 255
12 24 22 0 169 255
13 24 22 0 169 255
14 24 22 0 169 255
15 24 22 0 169 255
16 24 22 0 169 255
17 24 22 0 169 255
18 24 22 0 169 255
19 24 22 0 169 255
20 24 22 0 169 255
21 24 22 0 169 255
22 24 22 0 169 255
23 24 22 0 169 255
24 24 22 0 169 255
25 24 22 0 169 255
9 17 23 0 169 255
10 17 23 0 169 255
11 17 23 0 169 255
12 17 23 0 169 255
13 17 23 0 169 255
14 17 23 0 169 255
15 17 23 0 169 255
16 17 23 0 169 255
17 17 23 0 169 255
18 17 23 0 169 255
19 17 23 0 169 255
20 17 23 0 169 255
21 17 23 0 169 255
22 17 23 0 169 255
23 17 23 0 169 255
9 18 23 0 169 255
10 18 23 0 169 255
11 18 23 0 169 255
12 18 23 0 169 255
13 18 23 0 169 255
14 18 23 0 169 255
15 18 23 0 169 255
16 18 23 0 169 255
17 18 23 0 169 255
18 18 23 0 169 255
19 18 23 0 169 255
20 18 23 0 169 255
21 18 23 0 169 255
22 18 23 0 169 255
23 18 23 0 169 255
9 19 23 0 169 255
10 19 23 0 169 255
11 19 23 0 169 255
12 19 23 0 169 255
13 19 23 0 169 255
14 19 23 0 169 255
15 19 23 0 169 255
16 19 23 0 169 255
17 19 23 0 169 255
18 19 23 0 169 255
19 19 23 0 169 255
20 19 23 0 169 255
21 19 23 0 169 255
22 19 23 0 169 255
23 19 23 0 169 255
8 20 23 0 169 255
9 20 23 0 169 255
10 20 23 0 169 255
11 20 23 0 169 255
12 20 23 0 169 255
13 20 23 0 169 255
14 20 23 0 169 255
15 20 23 0 169 255
16 20 23 0 169 255
17 20 23 0 169 255
18 20 23 0 169 255
19 20 23 0 169 255
20 20 23 0 169 255
21 20 23 0 169 255
22 20 23 0 169 255
23 20 23 0 169 255
24 20 23 0 169 255
8 21 23 0 169 255
9 21 23 0 169 255
10 21 23 0 169 255
11 21 23 0 169 255
12 21 23 0 169 255
13 21 23 0 169 255
14 21 23 0 169 255
15 21 23 0 169 255
16 21 23 0 169 255
17 21 23 0 169 255
18 21 23 0 169 255
19 21 23 0 169 255
20 21 23 0 169 255
21 21 23 0 169 255
22 21 23 0 169 255
23 21 23 0 169 255
24 21 23 0 169 255
7 22 23 0 169 255
8 22 23 0 169 255
9 22 23 0 169 255
10 22 23 0 169 255
11 22 23 0 169 255
12 22 23 0 169 255
13 22 23 0 169 255
14 22 23 0 169 255
15 22 23 0 169 255
16 22 23 0 169 255
17 22 23 0 169 255
18 22 23 0 169 255
19 22 23 0 169 255
20 22 23 0 169 255
21 22 23 0 169 255
22 22 23 0 169 255
23 22 23 0 169 255
24 22 23 0 169 255
25 22 23 0 169 255
7 23 23 0 169 255
8 23 23 0 169 255
9 23 23 0 169 255
10 23 23 0 169 255
11 23 23 0 169 255
12 23 23 0 169 255
13 23 23 0 169 255
14 23 23 0 169 255
15 23 23 0 169 255
16 23 23 0 169 255
17 23 23 0 169 255
18 23 23 0 169 255
19 23 23 0 169 255
20 23 23 0 169 255
21 23 23 0 169 255
22 23 23 0 169 255
23 23 23 0 169 255
24 23 23 0 169 255
25 23 23 0 169 255
9 24 23 0 169 255
10 24 23 0 169 255
11 24 23 0 169 255
12 24 23 0 169 255
13 24 23 0 169 255
14 24 23 0 169 255
15 24 23 0 169 255
16 24 23 0 169 255
17 24 23 0 169 255
18 24 23 0 169 255
19 24 23 0 169 255
20 24 23 0 169 255
21 24 23 0 169 255
22 24 23 0 169 255
23 24 23 0 169 255
