1 12 13 0 169 255
2 12 13 0 169 255
15 12 13 0 169 255
16 12 13 0 169 255
30 12 13 0 169 255
31 12 13 0 169 255
1 13 13 0 169 255
2 13 13 0 169 255
3 13 13 0 169 255
15 13 13 0 169 255
16 13 13 0 169 255
29 13 13 0 169 255
30 13 13 0 169 255
31 13 13 0 169 255
1 14 13 0 169 255
2 14 13 0 169 255
3 14 13 0 169 255
15 14 13 0 169 255
16 14 13 0 169 255
29 14 13 0 169 255
30 14 13 0 169 255
31 14 13 0 169 255
1 15 13 0 169 255
2 15 13 0 169 255
3 15 13 0 169 255
4 15 13 0 169 255
5 15 13 0 169 255
6 15 13 0 169 255
7 15 13 0 169 255
8 15 13 0 169 255
9 15 13 0 169 255
10 15 13 0 169 255
11 15 13 0 169 255
12 15 13 0 169 255
13 15 13 0 169 255
14 15 13 0 169 255
15 15 13 0 169 255
16 15 13 0 169 255
17 15 13 0 169 255
18 15 13 0 169 255
19 15 13 0 169 255
20 15 13 0 169 255
21 15 13 0 169 255
22 15 13 0 169 255
23 15 13 0 169 255
24 15 13 0 169 255
25 15 13 0 169 255
26 15 13 0 169 255
27 15 13 0 169 255
28 15 13 0 169 255
29 15 13 0 169 255
30 15 13 0 169 255
31 15 13 0 169 255
1 16 13 0 169 255
2 16 13 0 169 255
3 16 13 0 169 255
4 16 13 0 169 255
5 16 13 0 169 255
6 16 13 0 169 255
7 16 13 0 169 255
8 16 13 0 169 255
9 16 13 0 169 255
10 16 13 0 169 255
11 16 13 0 169 255
12 16 13 0 169 255
13 16 13 0 169 255
14 16 13 0 169 255
15 16 13 0 169 255
16 16 13 0 169 255
17 16 13 0 169 255
18 16 13 0 169 255
19 16 13 0 169 255
20 16 13 0 169 255
21 16 13 0 169 255
22 16 13 0 169 255
23 16 13 0 169 255
24 16 13 0 169 255
25 16 13 0 169 255
26 16 13 0 169 255
27 16 13 0 169 255
28 16 13 0 169 255
29 16 13 0 169 255
30 16 13 0 169 255
31 16 13 0 169 255
2 17 13 0 169 255
30 17 13 0 169 255
2 12 14 0 169 255
15 12 14 0 169 255
16 12 14 0 169 255
30 12 14 0 169 255
1 13 14 0 169 255
2 13 14 0 169 255
3 13 14 0 169 255
15 13 14 0 169 255
16 13 14 0 169 255
29 13 14 0 169 255
30 13 14 0 169 255
31 13 14 0 169 255
1 14 14 0 169 255
2 14 14 0 169 255
3 14 14 0 169 255
15 14 14 0 169 255
16 14 14 0 169 255
30 14 14 0 169 255
31 14 14 0 169 255
1 15 14 0 169 255
2 15 14 0 169 255
3 15 14 0 169 255
4 15 14 0 169 255
5 15 14 0 169 255
6 15 14 0 169 255
7 15 14 0 169 255
8 15 14 0 169 255
9 15 14 0 169 255
10 15 14 0 169 255
11 15 14 0 169 255
12 15 14 0 169 255
13 15 14 0 169 255
14 15 14 0 169 255
15 15 14 0 169 255
16 15 14 0 169 255
17 15 14 0 169 255
18 15 14 0 169 255
19 15 14 0 169 255
20 15 14 0 169 255
21 15 14 0 169 255
22 15 14 0 169 255
23 15 14 0 169 255
24 15 14 0 169 255
25 15 14 0 169 255
26 15 14 0 169 255
27 15 14 0 169 255
28 15 14 0 169 255
29 15 14 0 169 255
30 15 14 0 169 255
31 15 14 0 169 255
1 16 14 0 169 255
2 16 14 0 169 255
3 16 14 0 169 255
4 16 14 0 169 255
5 16 14 0 169 255
6 16 14 0 169 255
7 16 14 0 169 255
8 16 14 0 169 255
9 16 14 0 169 255
10 16 14 0 169 255
11 16 14 0 169 255
12 16 14 0 169 255
13 16 14 0 169 255
14 16 14 0 169 255
15 16 14 0 169 255
16 16 14 0 169 255
17 16 14 0 169 255
18 16 14 0 169 255
19 16 14 0 169 255
20 16 14 0 169 255
21 16 14 0 169 255
22 16 14 0 169 255
23 16 14 0 169 255
24 16 14 0 169 255
25 16 14 0 169 255
26 16 14 0 169 255
27 16 14 0 169 255
28 16 14 0 169 255
29 16 14 0 169 255
30 16 14 0 169 255
31 16 14 0 169 255
2 17 14 0 169 255
30 17 14 0 169 255
2 12 15 0 169 255
15 12 15 0 169 255
16 12 15 0 169 255
30 12 15 0 169 255
1 13 15 0 169 255
2 13 15 0 169 255
3 13 15 0 169 255
15 13 15 0 169 255
16 13 15 0 169 255
29 13 15 0 169 255
30 13 15 0 169 255
31 13 15 0 169 255
2 14 15 0 169 255
16 14 15 0 169 255
30 14 15 0 169 255
1 15 15 0 169 255
2 15 15 0 169 255
3 15 15 0 169 255
4 15 15 0 169 255
5 15 15 0 169 255
6 15 15 0 169 255
7 15 15 0 169 255
8 15 15 0 169 255
9 15 15 0 169 255
10 15 15 0 169 255
11 15 15 0 169 255
12 15 15 0 169 255
13 15 15 0 169 255
14 15 15 0 169 255
15 15 15 0 169 255
16 15 15 0 169 255
17 15 15 0 169 255
18 15 15 0 169 255
19 15 15 0 169 255
20 15 15 0 169 255
21 15 15 0 169 255
22 15 15 0 169 255
23 15 15 0 169 255
24 15 15 0 169 255
25 15 15 0 169 255
26 15 15 0 169 255
27 15 15 0 169 255
28 15 15 0 169 255
29 15 15 0 169 255
30 15 15 0 169 255
31 15 15 0 169 255
1 16 15 0 169 255
2 16 15 0 169 255
3 16 15 0 169 255
4 16 15 0 169 255
5 16 15 0 169 255
6 16 15 0 169 255
7 16 15 0 169 255
8 16 15 0 169 255
9 16 15 0 169 255
10 16 15 0 169 255
11 16 15 0 169 255
12 16 15 0 169 255
13 16 15 0 169 255
14 16 15 0 169 255
15 16 15 0 169 255
16 16 15 0 169 255
17 16 15 0 169 255
18 16 15 0 169 255
19 16 15 0 169 255
20 16 15 0 169 255
21 16 15 0 169 255
22 16 15 0 169 255
23 16 15 0 169 255
24 16 15 0 169 255
25 16 15 0 169 255
26 16 15 0 169 255
27 16 15 0 169 255
28 16 15 0 169 255
29 16 15 0 169 255
30 16 15 0 169 255
31 16 15 0 169 255
2 12 16 0 169 255
15 12 16 0 169 255
16 12 16 0 169 255
30 12 16 0 169 255
1 13 16 0 169 255
2 13 16 0 169 255
3 13 16 0 169 255
15 13 16 0 169 255
16 13 16 0 169 255
29 13 16 0 169 255
30 13 16 0 169 255
31 13 16 0 169 255
2 14 16 0 169 255
15 14 16 0 169 255
16 14 16 0 169 255
30 14 16 0 169 255
1 15 16 0 169 255
2 15 16 0 169 255
3 15 16 0 169 255
4 15 16 0 169 255
5 15 16 0 169 255
6 15 16 0 169 255
7 15 16 0 169 255
8 15 16 0 169 255
9 15 16 0 169 255
10 15 16 0 169 255
11 15 16 0 169 255
12 15 16 0 169 255
13 15 16 0 169 255
14 15 16 0 169 255
15 15 16 0 169 255
16 15 16 0 169 255
17 15 16 0 169 255
18 15 16 0 169 255
19 15 16 0 169 255
20 15 16 0 169 255
21 15 16 0 169 255
22 15 16 0 169 255
23 15 16 0 169 255
24 15 16 0 169 255
25 15 16 0 169 255
26 15 16 0 169 255
27 15 16 0 169 255
28 15 16 0 169 255
29 15 16 0 169 255
30 15 16 0 169 255
31 15 16 0 169 255
1 16 16 0 169 255
2 16 16 0 169 255
3 16 16 0 169 255
4 16 16 0 169 255
5 16 16 0 169 255
6 16 16 0 169 255
7 16 16 0 169 255
8 16 16 0 169 255
9 16 16 0 169 255
10 16 16 0 169 255
11 16 16 0 169 255
12 16 16 0 169 255
13 16 16 0 169 255
14 16 16 0 169 255
15 16 16 0 169 255
16 16 16 0 169 255
17 16 16 0 169 255
18 16 16 0 169 255
19 16 16 0 169 255
20 16 16 0 169 255
21 16 16 0 169 255
22 16 16 0 169 255
23 16 16 0 169 255
24 16 16 0 169 255
25 16 16 0 169 255
26 16 16 0 169 255
27 16 16 0 169 255
28 16 16 0 169 255
29 16 16 0 169 255
30 16 16 0 169 255
31 16 16 0 169 255
1 17 16 0 169 255
2 17 16 0 169 255
3 17 16 0 169 255
4 17 16 0 169 255
5 17 16 0 169 255
6 17 16 0 169 255
7 17 16 0 169 255
8 17 16 0 169 255
9 17 16 0 169 255
10 17 16 0 169 255
11 17 16 0 169 255
12 17 16 0 169 255
13 17 16 0 169 255
14 17 16 0 169 255
15 17 16 0 169 255
16 17 16 0 169 255
17 17 16 0 169 255
18 17 16 0 169 255
19 17 16 0 169 255
20 17 16 0 169 255
21 17 16 0 169 255
22 17 16 0 169 255
23 17 16 0 169 255
24 17 16 0 169 255
25 17 16 0 169 255
26 17 16 0 169 255
27 17 16 0 169 255
28 17 16 0 169 255
29 17 16 0 169 255
30 17 16 0 169 255
31 17 16 0 169 255
1 18 16 0 169 255
2 18 16 0 169 255
3 18 16 0 169 255
4 18 16 0 169 255
5 18 16 0 169 255
6 18 16 0 169 255
7 18 16 0 169 255
8 18 16 0 169 255
9 18 16 0 169 255
10 18 16 0 169 255
11 18 16 0 169 255
12 18 16 0 169 255
13 18 16 0 169 255
14 18 16 0 169 255
15 18 16 0 169 255
16 18 16 0 169 255
17 18 16 0 169 255
18 18 16 0 169 255
19 18 16 0 169 255
20 18 16 0 169 255
21 18 16 0 169 255
22 18 16 0 169 255
23 18 16 0 169 255
24 18 16 0 169 255
25 18 16 0 169 255
26 18 16 0 169 255
27 18 16 0 169 255
28 18 16 0 169 255
29 18 16 0 169 255
30 18 16 0 169 255
31 18 16 0 169 255
1 19 16 0 169 255
2 19 16 0 169 255
3 19 16 0 169 255
30 19 16 0 169 255
31 19 16 0 169 255
1 20 16 0 169 255
2 20 16 0 169 255
3 20 16 0 169 255
30 20 16 0 169 255
31 20 16 0 169 255
1 12 17 0 169 255
2 12 17 0 169 255
3 12 17 0 169 255
4 12 17 0 169 255
5 12 17 0 169 255
6 12 17 0 169 255
7 12 17 0 169 255
8 12 17 0 169 255
9 12 17 0 169 255
10 12 17 0 169 255
11 12 17 0 169 255
12 12 17 0 169 255
13 12 17 0 169 255
14 12 17 0 169 255
15 12 17 0 169 255
16 12 17 0 169 255
17 12 17 0 169 255
18 12 17 0 169 255
19 12 17 0 169 255
20 12 17 0 169 255
21 12 17 0 169 255
22 12 17 0 169 255
23 12 17 0 169 255
24 12 17 0 169 255
25 12 17 0 169 255
26 12 17 0 169 255
27 12 17 0 169 255
28 12 17 0 169 255
29 12 17 0 169 255
30 12 17 0 169 255
31 12 17 0 169 255
1 13 17 0 169 255
2 13 17 0 169 255
3 13 17 0 169 255
4 13 17 0 169 255
5 13 17 0 169 255
6 13 17 0 169 255
7 13 17 0 169 255
8 13 17 0 169 255
9 13 17 0 169 255
10 13 17 0 169 255
11 13 17 0 169 255
12 13 17 0 169 255
13 13 17 0 169 255
14 13 17 0 169 255
15 13 17 0 169 255
16 13 17 0 169 255
17 13 17 0 169 255
18 13 17 0 169 255
19 13 17 0 169 255
20 13 17 0 169 255
21 13 17 0 169 255
22 13 17 0 169 255
23 13 17 0 169 255
24 13 17 0 169 255
25 13 17 0 169 255
26 13 17 0 169 255
27 13 17 0 169 255
28 13 17 0 169 255
29 13 17 0 169 255
30 13 17 0 169 255
31 13 17 0 169 255
1 14 17 0 169 255
2 14 17 0 169 255
3 14 17 0 169 255
15 14 17 0 169 255
16 14 17 0 169 255
29 14 17 0 169 255
30 14 17 0 169 255
31 14 17 0 169 255
1 15 17 0 169 255
2 15 17 0 169 255
3 15 17 0 169 255
4 15 17 0 169 255
5 15 17 0 169 255
6 15 17 0 169 255
7 15 17 0 169 255
8 15 17 0 169 255
9 15 17 0 169 255
10 15 17 0 169 255
11 15 17 0 169 255
12 15 17 0 169 255
13 15 17 0 169 255
14 15 17 0 169 255
15 15 17 0 169 255
16 15 17 0 169 255
17 15 17 0 169 255
18 15 17 0 169 255
19 15 17 0 169 255
20 15 17 0 169 255
21 15 17 0 169 255
22 15 17 0 169 255
23 15 17 0 169 255
24 15 17 0 169 255
25 15 17 0 169 255
26 15 17 0 169 255
27 15 17 0 169 255
28 15 17 0 169 255
29 15 17 0 169 255
30 15 17 0 169 255
31 15 17 0 169 255
1 16 17 0 169 255
2 16 17 0 169 255
3 16 17 0 169 255
4 16 17 0 169 255
5 16 17 0 169 255
6 16 17 0 169 255
7 16 17 0 169 255
8 16 17 0 169 255
9 16 17 0 169 255
10 16 17 0 169 255
11 16 17 0 169 255
12 16 17 0 169 255
13 16 17 0 169 255
14 16 17 0 169 255
15 16 17 0 169 255
16 16 17 0 169 255
17 16 17 0 169 255
18 16 17 0 169 255
19 16 17 0 169 255
20 16 17 0 169 255
21 16 17 0 169 255
22 16 17 0 169 255
23 16 17 0 169 255
24 16 17 0 169 255
25 16 17 0 169 255
26 16 17 0 169 255
27 16 17 0 169 255
28 16 17 0 169 255
29 16 17 0 169 255
30 16 17 0 169 255
31 16 17 0 169 255
1 17 17 0 169 255
2 17 17 0 169 255
3 17 17 0 169 255
4 17 17 0 169 255
5 17 17 0 169 255
6 17 17 0 169 255
7 17 17 0 169 255
8 17 17 0 169 255
9 17 17 0 169 255
10 17 17 0 169 255
11 17 17 0 169 255
12 17 17 0 169 255
13 17 17 0 169 255
14 17 17 0 169 255
15 17 17 0 169 255
16 17 17 0 169 255
17 17 17 0 169 255
18 17 17 0 169 255
19 17 17 0 169 255
20 17 17 0 169 255
21 17 17 0 169 255
22 17 17 0 169 255
23 17 17 0 169 255
24 17 17 0 169 255
25 17 17 0 169 255
26 17 17 0 169 255
27 17 17 0 169 255
28 17 17 0 169 255
29 17 17 0 169 255
30 17 17 0 169 255
31 17 17 0 169 255
1 18 17 0 169 255
2 18 17 0 169 255
3 18 17 0 169 255
4 18 17 0 169 255
5 18 17 0 169 255
6 18 17 0 169 255
7 18 17 0 169 255
8 18 17 0 169 255
9 18 17 0 169 255
10 18 17 0 169 255
11 18 17 0 169 255
12 18 17 0 169 255
13 18 17 0 169 255
14 18 17 0 169 255
15 18 17 0 169 255
16 18 17 0 169 255
17 18 17 0 169 255
18 18 17 0 169 255
19 18 17 0 169 255
20 18 17 0 169 255
21 18 17 0 169 255
22 18 17 0 169 255
23 18 17 0 169 255
24 18 17 0 169 255
25 18 17 0 169 255
26 18 17 0 169 255
27 18 17 0 169 255
28 18 17 0 169 255
29 18 17 0 169 255
30 18 17 0 169 255
31 18 17 0 169 255
1 19 17 0 169 255
2 19 17 0 169 255
3 19 17 0 169 255
4 19 17 0 169 255
5 19 17 0 169 255
6 19 17 0 169 255
7 19 17 0 169 255
8 19 17 0 169 255
9 19 17 0 169 255
10 19 17 0 169 255
11 19 17 0 169 255
12 19 17 0 169 255
13 19 17 0 169 255
14 19 17 0 169 255
15 19 17 0 169 255
16 19 17 0 169 255
17 19 17 0 169 255
18 19 17 0 169 255
19 19 17 0 169 255
20 19 17 0 169 255
21 19 17 0 169 255
22 19 17 0 169 255
23 19 17 0 169 255
24 19 17 0 169 255
25 19 17 0 169 255
26 19 17 0 169 255
27 19 17 0 169 255
28 19 17 0 169 255
29 19 17 0 169 255
30 19 17 0 169 255
31 19 17 0 169 255
1 20 17 0 169 255
2 20 17 0 169 255
3 20 17 0 169 255
4 20 17 0 169 255
5 20 17 0 169 255
6 20 17 0 169 255
7 20 17 0 169 255
8 20 17 0 169 255
9 20 17 0 169 255
10 20 17 0 169 255
11 20 17 0 169 255
12 20 17 0 169 255
13 20 17 0 169 255
14 20 17 0 169 255
15 20 17 0 169 255
16 20 17 0 169 255
17 20 17 0 169 255
18 20 17 0 169 255
19 20 17 0 169 255
20 20 17 0 169 255
21 20 17 0 169 255
22 20 17 0 169 255
23 20 17 0 169 255
24 20 17 0 169 255
25 20 17 0 169 255
26 20 17 0 169 255
27 20 17 0 169 255
28 20 17 0 169 255
29 20 17 0 169 255
30 20 17 0 169 255
31 20 17 0 169 255
2 21 17 0 169 255
30 21 17 0 169 255
2 12 18 0 169 255
15 12 18 0 169 255
16 12 18 0 169 255
30 12 18 0 169 255
1 13 18 0 169 255
2 13 18 0 169 255
3 13 18 0 169 255
4 13 18 0 169 255
5 13 18 0 169 255
6 13 18 0 169 255
7 13 18 0 169 255
8 13 18 0 169 255
9 13 18 0 169 255
10 13 18 0 169 255
11 13 18 0 169 255
12 13 18 0 169 255
13 13 18 0 169 255
14 13 18 0 169 255
15 13 18 0 169 255
16 13 18 0 169 255
17 13 18 0 169 255
18 13 18 0 169 255
19 13 18 0 169 255
20 13 18 0 169 255
21 13 18 0 169 255
22 13 18 0 169 255
23 13 18 0 169 255
24 13 18 0 169 255
25 13 18 0 169 255
26 13 18 0 169 255
27 13 18 0 169 255
28 13 18 0 169 255
29 13 18 0 169 255
30 13 18 0 169 255
31 13 18 0 169 255
1 14 18 0 169 255
2 14 18 0 169 255
15 14 18 0 169 255
16 14 18 0 169 255
30 14 18 0 169 255
31 14 18 0 169 255
1 15 18 0 169 255
2 15 18 0 169 255
15 15 18 0 169 255
16 15 18 0 169 255
30 15 18 0 169 255
31 15 18 0 169 255
1 16 18 0 169 255
2 16 18 0 169 255
15 16 18 0 169 255
16 16 18 0 169 255
30 16 18 0 169 255
31 16 18 0 169 255
1 17 18 0 169 255
2 17 18 0 169 255
3 17 18 0 169 255
15 17 18 0 169 255
16 17 18 0 169 255
29 17 18 0 169 255
30 17 18 0 169 255
31 17 18 0 169 255
1 18 18 0 169 255
2 18 18 0 169 255
3 18 18 0 169 255
4 18 18 0 169 255
5 18 18 0 169 255
6 18 18 0 169 255
7 18 18 0 169 255
8 18 18 0 169 255
9 18 18 0 169 255
10 18 18 0 169 255
11 18 18 0 169 255
12 18 18 0 169 255
13 18 18 0 169 255
14 18 18 0 169 255
15 18 18 0 169 255
16 18 18 0 169 255
17 18 18 0 169 255
18 18 18 0 169 255
19 18 18 0 169 255
20 18 18 0 169 255
21 18 18 0 169 255
22 18 18 0 169 255
23 18 18 0 169 255
24 18 18 0 169 255
25 18 18 0 169 255
26 18 18 0 169 255
27 18 18 0 169 255
28 18 18 0 169 255
29 18 18 0 169 255
30 18 18 0 169 255
31 18 18 0 169 255
1 19 18 0 169 255
2 19 18 0 169 255
3 19 18 0 169 255
4 19 18 0 169 255
5 19 18 0 169 255
6 19 18 0 169 255
7 19 18 0 169 255
8 19 18 0 169 255
9 19 18 0 169 255
10 19 18 0 169 255
11 19 18 0 169 255
12 19 18 0 169 255
13 19 18 0 169 255
14 19 18 0 169 255
15 19 18 0 169 255
16 19 18 0 169 255
17 19 18 0 169 255
18 19 18 0 169 255
19 19 18 0 169 255
20 19 18 0 169 255
21 19 18 0 169 255
22 19 18 0 169 255
23 19 18 0 169 255
24 19 18 0 169 255
25 19 18 0 169 255
26 19 18 0 169 255
27 19 18 0 169 255
28 19 18 0 169 255
29 19 18 0 169 255
30 19 18 0 169 255
31 19 18 0 169 255
1 20 18 0 169 255
2 20 18 0 169 255
3 20 18 0 169 255
4 20 18 0 169 255
5 20 18 0 169 255
6 20 18 0 169 255
7 20 18 0 169 255
8 20 18 0 169 255
9 20 18 0 169 255
10 20 18 0 169 255
11 20 18 0 169 255
12 20 18 0 169 255
13 20 18 0 169 255
14 20 18 0 169 255
15 20 18 0 169 255
16 20 18 0 169 255
17 20 18 0 169 255
18 20 18 0 169 255
19 20 18 0 169 255
20 20 18 0 169 255
21 20 18 0 169 255
22 20 18 0 169 255
23 20 18 0 169 255
24 20 18 0 169 255
25 20 18 0 169 255
26 20 18 0 169 255
27 20 18 0 169 255
28 20 18 0 169 255
29 20 18 0 169 255
30 20 18 0 169 255
31 20 18 0 169 255
