15 6 6 0 169 255
16 6 6 0 169 255
17 6 6 0 169 255
15 7 6 0 169 255
16 7 6 0 169 255
17 7 6 0 169 255
15 8 6 0 169 255
16 8 6 0 169 255
17 8 6 0 169 255
16 9 6 0 169 255
9 17 6 0 169 255
10 17 6 0 169 255
11 17 6 0 169 255
12 17 6 0 169 255
13 17 6 0 169 255
14 17 6 0 169 255
15 17 6 0 169 255
16 17 6 0 169 255
17 17 6 0 169 255
18 17 6 0 169 255
19 17 6 0 169 255
20 17 6 0 169 255
21 17 6 0 169 255
22 17 6 0 169 255
23 17 6 0 169 255
15 6 7 0 169 255
16 6 7 0 169 255
17 6 7 0 169 255
15 7 7 0 169 255
16 7 7 0 169 255
17 7 7 0 169 255
15 8 7 0 169 255
16 8 7 0 169 255
17 8 7 0 169 255
15 9 7 0 169 255
16 9 7 0 169 255
17 9 7 0 169 255
16 10 7 0 169 255
9 16 7 0 169 255
10 16 7 0 169 255
11 16 7 0 169 255
12 16 7 0 169 255
13 16 7 0 169 255
14 16 7 0 169 255
15 16 7 0 169 255
16 16 7 0 169 255
17 16 7 0 169 255
18 16 7 0 169 255
19 16 7 0 169 255
20 16 7 0 169 255
21 16 7 0 169 255
22 16 7 0 169 255
23 16 7 0 169 255
9 17 7 0 169 255
10 17 7 0 169 255
11 17 7 0 169 255
12 17 7 0 169 255
13 17 7 0 169 255
14 17 7 0 169 255
15 17 7 0 169 255
16 17 7 0 169 255
17 17 7 0 169 255
18 17 7 0 169 255
19 17 7 0 169 255
20 17 7 0 169 255
21 17 7 0 169 255
22 17 7 0 169 255
23 17 7 0 169 255
9 18 7 0 169 255
10 18 7 0 169 255
11 18 7 0 169 255
12 18 7 0 169 255
13 18 7 0 169 255
14 18 7 0 169 255
15 18 7 0 169 255
16 18 7 0 169 255
17 18 7 0 169 255
18 18 7 0 169 255
19 18 7 0 169 255
20 18 7 0 169 255
21 18 7 0 169 255
22 18 7 0 169 255
23 18 7 0 169 255
15 6 8 0 169 255
16 6 8 0 169 255
17 6 8 0 169 255
15 7 8 0 169 255
16 7 8 0 169 255
17 7 8 0 169 255
15 8 8 0 169 255
16 8 8 0 169 255
17 8 8 0 169 255
15 9 8 0 169 255
16 9 8 0 169 255
17 9 8 0 169 255
16 10 8 0 169 255
9 16 8 0 169 255
10 16 8 0 169 255
11 16 8 0 169 255
12 16 8 0 169 255
13 16 8 0 169 255
14 16 8 0 169 255
15 16 8 0 169 255
16 16 8 0 169 255
17 16 8 0 169 255
18 16 8 0 169 255
19 16 8 0 169 255
20 16 8 0 169 255
21 16 8 0 169 255
22 16 8 0 169 255
23 16 8 0 169 255
9 17 8 0 169 255
10 17 8 0 169 255
11 17 8 0 169 255
12 17 8 0 169 255
13 17 8 0 169 255
14 17 8 0 169 255
15 17 8 0 169 255
16 17 8 0 169 255
17 17 8 0 169 255
18 17 8 0 169 255
19 17 8 0 169 255
20 17 8 0 169 255
21 17 8 0 169 255
22 17 8 0 169 255
23 17 8 0 169 255
9 18 8 0 169 255
10 18 8 0 169 255
11 18 8 0 169 255
12 18 8 0 169 255
13 18 8 0 169 255
14 18 8 0 169 255
15 18 8 0 169 255
16 18 8 0 169 255
17 18 8 0 169 255
18 18 8 0 169 255
19 18 8 0 169 255
20 18 8 0 169 255
21 18 8 0 169 255
22 18 8 0 169 255
23 18 8 0 169 255
16 8 9 0 169 255
15 9 9 0 169 255
16 9 9 0 169 255
17 9 9 0 169 255
16 10 9 0 169 255
9 17 9 0 169 255
10 17 9 0 169 255
11 17 9 0 169 255
12 17 9 0 169 255
13 17 9 0 169 255
14 17 9 0 169 255
15 17 9 0 169 255
16 17 9 0 169 255
17 17 9 0 169 255
18 17 9 0 169 255
19 17 9 0 169 255
20 17 9 0 169 255
21 17 9 0 169 255
22 17 9 0 169 255
23 17 9 0 169 255
9 18 9 0 169 255
10 18 9 0 169 255
11 18 9 0 169 255
12 18 9 0 169 255
13 18 9 0 169 255
14 18 9 0 169 255
15 18 9 0 169 255
16 18 9 0 169 255
17 18 9 0 169 255
18 18 9 0 169 255
19 18 9 0 169 255
20 18 9 0 169 255
21 18 9 0 169 255
22 18 9 0 169 255
23 18 9 0 169 255
16 8 10 0 169 255
15 9 10 0 169 255
16 9 10 0 169 255
17 9 10 0 169 255
15 10 10 0 169 255
16 10 10 0 169 255
9 17 10 0 169 255
10 17 10 0 169 255
11 17 10 0 169 255
12 17 10 0 169 255
13 17 10 0 169 255
14 17 10 0 169 255
15 17 10 0 169 255
16 17 10 0 169 255
17 17 10 0 169 255
18 17 10 0 169 255
19 17 10 0 169 255
20 17 10 0 169 255
21 17 10 0 169 255
22 17 10 0 169 255
23 17 10 0 169 255
9 18 10 0 169 255
10 18 10 0 169 255
11 18 10 0 169 255
12 18 10 0 169 255
13 18 10 0 169 255
14 18 10 0 169 255
15 18 10 0 169 255
16 18 10 0 169 255
17 18 10 0 169 255
18 18 10 0 169 255
19 18 10 0 169 255
20 18 10 0 169 255
21 18 10 0 169 255
22 18 10 0 169 255
23 18 10 0 169 255
16 8 11 0 169 255
15 9 11 0 169 255
16 9 11 0 169 255
17 9 11 0 169 255
15 10 11 0 169 255
16 10 11 0 169 255
17 10 11 0 169 255
9 17 11 0 169 255
10 17 11 0 169 255
11 17 11 0 169 255
12 17 11 0 169 255
13 17 11 0 169 255
14 17 11 0 169 255
15 17 11 0 169 255
16 17 11 0 169 255
17 17 11 0 169 255
18 17 11 0 169 255
19 17 11 0 169 255
20 17 11 0 169 255
21 17 11 0 169 255
22 17 11 0 169 255
23 17 11 0 169 255
9 18 11 0 169 255
10 18 11 0 169 255
11 18 11 0 169 255
12 18 11 0 169 255
13 18 11 0 169 255
14 18 11 0 169 255
15 18 11 0 169 255
16 18 11 0 169 255
17 18 11 0 169 255
18 18 11 0 169 255
19 18 11 0 169 255
20 18 11 0 169 255
21 18 11 0 169 255
22 18 11 0 169 255
23 18 11 0 169 255
9 19 11 0 169 255
23 19 11 0 169 255
8 20 11 0 169 255
9 20 11 0 169 255
23 20 11 0 169 255
8 21 11 0 169 255
9 21 11 0 169 255
10 21 11 0 169 255
22 21 11 0 169 255
23 21 11 0 169 255
24 21 11 0 169 255
8 22 11 0 169 255
9 22 11 0 169 255
10 22 11 0 169 255
22 22 11 0 169 255
23 22 11 0 169 255
24 22 11 0 169 255
8 23 11 0 169 255
9 23 11 0 169 255
10 23 11 0 169 255
22 23 11 0 169 255
23 23 11 0 169 255
24 23 11 0 169 255
9 24 11 0 169 255
23 24 11 0 169 255
8 6 12 0 169 255
9 6 12 0 169 255
23 6 12 0 169 255
24 6 12 0 169 255
7 7 12 0 169 255
8 7 12 0 169 255
9 7 12 0 169 255
22 7 12 0 169 255
23 7 12 0 169 255
24 7 12 0 169 255
25 7 12 0 169 255
7 8 12 0 169 255
8 8 12 0 169 255
9 8 12 0 169 255
16 8 12 0 169 255
23 8 12 0 169 255
24 8 12 0 169 255
25 8 12 0 169 255
8 9 12 0 169 255
9 9 12 0 169 255
10 9 12 0 169 255
15 9 12 0 169 255
16 9 12 0 169 255
17 9 12 0 169 255
22 9 12 0 169 255
23 9 12 0 169 255
24 9 12 0 169 255
15 10 12 0 169 255
16 10 12 0 169 255
17 10 12 0 169 255
9 16 12 0 169 255
10 16 12 0 169 255
22 16 12 0 169 255
8 17 12 0 169 255
9 17 12 0 169 255
10 17 12 0 169 255
11 17 12 0 169 255
12 17 12 0 169 255
13 17 12 0 169 255
14 17 12 0 169 255
15 17 12 0 169 255
16 17 12 0 169 255
17 17 12 0 169 255
18 17 12 0 169 255
19 17 12 0 169 255
20 17 12 0 169 255
21 17 12 0 169 255
22 17 12 0 169 255
23 17 12 0 169 255
24 17 12 0 169 255
8 18 12 0 169 255
9 18 12 0 169 255
10 18 12 0 169 255
11 18 12 0 169 255
12 18 12 0 169 255
13 18 12 0 169 255
14 18 12 0 169 255
15 18 12 0 169 255
16 18 12 0 169 255
17 18 12 0 169 255
18 18 12 0 169 255
19 18 12 0 169 255
20 18 12 0 169 255
21 18 12 0 169 255
22 18 12 0 169 255
23 18 12 0 169 255
24 18 12 0 169 255
8 19 12 0 169 255
9 19 12 0 169 255
10 19 12 0 169 255
22 19 12 0 169 255
23 19 12 0 169 255
24 19 12 0 169 255
8 20 12 0 169 255
9 20 12 0 169 255
10 20 12 0 169 255
22 20 12 0 169 255
23 20 12 0 169 255
24 20 12 0 169 255
8 21 12 0 169 255
9 21 12 0 169 255
10 21 12 0 169 255
22 21 12 0 169 255
23 21 12 0 169 255
24 21 12 0 169 255
8 22 12 0 169 255
9 22 12 0 169 255
10 22 12 0 169 255
22 22 12 0 169 255
23 22 12 0 169 255
24 22 12 0 169 255
8 23 12 0 169 255
9 23 12 0 169 255
10 23 12 0 169 255
22 23 12 0 169 255
23 23 12 0 169 255
24 23 12 0 169 255
8 24 12 0 169 255
9 24 12 0 169 255
10 24 12 0 169 255
22 24 12 0 169 255
23 24 12 0 169 255
24 24 12 0 169 255
7 6 13 0 169 255
8 6 13 0 169 255
9 6 13 0 169 255
23 6 13 0 169 255
24 6 13 0 169 255
25 6 13 0 169 255
7 7 13 0 169 255
8 7 13 0 169 255
9 7 13 0 169 255
10 7 13 0 169 255
22 7 13 0 169 255
23 7 13 0 169 255
24 7 13 0 169 255
25 7 13 0 169 255
7 8 13 0 169 255
8 8 13 0 169 255
9 8 13 0 169 255
10 8 13 0 169 255
11 8 13 0 169 255
16 8 13 0 169 255
21 8 13 0 169 255
22 8 13 0 169 255
23 8 13 0 169 255
24 8 13 0 169 255
25 8 13 0 169 255
7 9 13 0 169 255
8 9 13 0 169 255
9 9 13 0 169 255
10 9 13 0 169 255
11 9 13 0 169 255
12 9 13 0 169 255
13 9 13 0 169 255
15 9 13 0 169 255
16 9 13 0 169 255
17 9 13 0 169 255
19 9 13 0 169 255
20 9 13 0 169 255
21 9 13 0 169 255
22 9 13 0 169 255
23 9 13 0 169 255
24 9 13 0 169 255
8 10 13 0 169 255
9 10 13 0 169 255
10 10 13 0 169 255
11 10 13 0 169 255
12 10 13 0 169 255
15 10 13 0 169 255
16 10 13 0 169 255
17 10 13 0 169 255
20 10 13 0 169 255
21 10 13 0 169 255
22 10 13 0 169 255
23 10 13 0 169 255
24 10 13 0 169 255
11 15 13 0 169 255
21 15 13 0 169 255
8 16 13 0 169 255
9 16 13 0 169 255
10 16 13 0 169 255
11 16 13 0 169 255
12 16 13 0 169 255
20 16 13 0 169 255
21 16 13 0 169 255
22 16 13 0 169 255
23 16 13 0 169 255
8 17 13 0 169 255
9 17 13 0 169 255
10 17 13 0 169 255
11 17 13 0 169 255
12 17 13 0 169 255
13 17 13 0 169 255
14 17 13 0 169 255
15 17 13 0 169 255
16 17 13 0 169 255
17 17 13 0 169 255
18 17 13 0 169 255
19 17 13 0 169 255
20 17 13 0 169 255
21 17 13 0 169 255
22 17 13 0 169 255
23 17 13 0 169 255
24 17 13 0 169 255
8 18 13 0 169 255
9 18 13 0 169 255
10 18 13 0 169 255
11 18 13 0 169 255
12 18 13 0 169 255
13 18 13 0 169 255
14 18 13 0 169 255
15 18 13 0 169 255
16 18 13 0 169 255
17 18 13 0 169 255
18 18 13 0 169 255
19 18 13 0 169 255
20 18 13 0 169 255
21 18 13 0 169 255
22 18 13 0 169 255
23 18 13 0 169 255
24 18 13 0 169 255
8 19 13 0 169 255
9 19 13 0 169 255
23 19 13 0 169 255
24 19 13 0 169 255
9 20 13 0 169 255
23 20 13 0 169 255
8 23 13 0 169 255
9 23 13 0 169 255
10 23 13 0 169 255
22 23 13 0 169 255
23 23 13 0 169 255
24 23 13 0 169 255
8 24 13 0 169 255
9 24 13 0 169 255
10 24 13 0 169 255
22 24 13 0 169 255
23 24 13 0 169 255
24 24 13 0 169 255
8 6 14 0 169 255
9 6 14 0 169 255
23 6 14 0 169 255
24 6 14 0 169 255
8 7 14 0 169 255
9 7 14 0 169 255
23 7 14 0 169 255
24 7 14 0 169 255
8 8 14 0 169 255
10 8 14 0 169 255
11 8 14 0 169 255
12 8 14 0 169 255
13 8 14 0 169 255
14 8 14 0 169 255
15 8 14 0 169 255
16 8 14 0 169 255
18 8 14 0 169 255
19 8 14 0 169 255
20 8 14 0 169 255
21 8 14 0 169 255
22 8 14 0 169 255
24 8 14 0 169 255
9 9 14 0 169 255
10 9 14 0 169 255
11 9 14 0 169 255
12 9 14 0 169 255
13 9 14 0 169 255
14 9 14 0 169 255
15 9 14 0 169 255
16 9 14 0 169 255
17 9 14 0 169 255
18 9 14 0 169 255
19 9 14 0 169 255
20 9 14 0 169 255
21 9 14 0 169 255
22 9 14 0 169 255
23 9 14 0 169 255
10 10 14 0 169 255
11 10 14 0 169 255
12 10 14 0 169 255
13 10 14 0 169 255
14 10 14 0 169 255
15 10 14 0 169 255
16 10 14 0 169 255
17 10 14 0 169 255
18 10 14 0 169 255
19 10 14 0 169 255
20 10 14 0 169 255
21 10 14 0 169 255
22 10 14 0 169 255
15 11 14 0 169 255
16 11 14 0 169 255
15 12 14 0 169 255
16 12 14 0 169 255
15 13 14 0 169 255
16 13 14 0 169 255
17 13 14 0 169 255
11 14 14 0 169 255
12 14 14 0 169 255
13 14 14 0 169 255
14 14 14 0 169 255
15 14 14 0 169 255
16 14 14 0 169 255
17 14 14 0 169 255
18 14 14 0 169 255
19 14 14 0 169 255
20 14 14 0 169 255
21 14 14 0 169 255
10 15 14 0 169 255
11 15 14 0 169 255
12 15 14 0 169 255
13 15 14 0 169 255
14 15 14 0 169 255
15 15 14 0 169 255
16 15 14 0 169 255
17 15 14 0 169 255
18 15 14 0 169 255
19 15 14 0 169 255
20 15 14 0 169 255
21 15 14 0 169 255
22 15 14 0 169 255
8 16 14 0 169 255
9 16 14 0 169 255
10 16 14 0 169 255
11 16 14 0 169 255
12 16 14 0 169 255
20 16 14 0 169 255
21 16 14 0 169 255
22 16 14 0 169 255
23 16 14 0 169 255
24 16 14 0 169 255
8 17 14 0 169 255
9 17 14 0 169 255
10 17 14 0 169 255
11 17 14 0 169 255
12 17 14 0 169 255
13 17 14 0 169 255
14 17 14 0 169 255
15 17 14 0 169 255
16 17 14 0 169 255
17 17 14 0 169 255
18 17 14 0 169 255
19 17 14 0 169 255
20 17 14 0 169 255
21 17 14 0 169 255
22 17 14 0 169 255
23 17 14 0 169 255
24 17 14 0 169 255
9 18 14 0 169 255
10 18 14 0 169 255
11 18 14 0 169 255
12 18 14 0 169 255
13 18 14 0 169 255
14 18 14 0 169 255
15 18 14 0 169 255
16 18 14 0 169 255
17 18 14 0 169 255
18 18 14 0 169 255
19 18 14 0 169 255
20 18 14 0 169 255
21 18 14 0 169 255
22 18 14 0 169 255
23 18 14 0 169 255
8 23 14 0 169 255
9 23 14 0 169 255
10 23 14 0 169 255
22 23 14 0 169 255
23 23 14 0 169 255
24 23 14 0 169 255
8 24 14 0 169 255
9 24 14 0 169 255
10 24 14 0 169 255
22 24 14 0 169 255
23 24 14 0 169 255
24 24 14 0 169 255
15 7 15 0 169 255
16 7 15 0 169 255
17 7 15 0 169 255
14 8 15 0 169 255
15 8 15 0 169 255
16 8 15 0 169 255
17 8 15 0 169 255
18 8 15 0 169 255
12 9 15 0 169 255
13 9 15 0 169 255
14 9 15 0 169 255
15 9 15 0 169 255
16 9 15 0 169 255
17 9 15 0 169 255
18 9 15 0 169 255
19 9 15 0 169 255
20 9 15 0 169 255
12 10 15 0 169 255
13 10 15 0 169 255
14 10 15 0 169 255
15 10 15 0 169 255
16 10 15 0 169 255
17 10 15 0 169 255
18 10 15 0 169 255
19 10 15 0 169 255
20 10 15 0 169 255
15 11 15 0 169 255
16 11 15 0 169 255
17 11 15 0 169 255
15 12 15 0 169 255
16 12 15 0 169 255
17 12 15 0 169 255
15 13 15 0 169 255
16 13 15 0 169 255
17 13 15 0 169 255
10 14 15 0 169 255
11 14 15 0 169 255
12 14 15 0 169 255
13 14 15 0 169 255
14 14 15 0 169 255
15 14 15 0 169 255
16 14 15 0 169 255
17 14 15 0 169 255
18 14 15 0 169 255
19 14 15 0 169 255
20 14 15 0 169 255
21 14 15 0 169 255
22 14 15 0 169 255
10 15 15 0 169 255
11 15 15 0 169 255
12 15 15 0 169 255
13 15 15 0 169 255
14 15 15 0 169 255
15 15 15 0 169 255
16 15 15 0 169 255
17 15 15 0 169 255
18 15 15 0 169 255
19 15 15 0 169 255
20 15 15 0 169 255
21 15 15 0 169 255
22 15 15 0 169 255
8 16 15 0 169 255
9 16 15 0 169 255
10 16 15 0 169 255
11 16 15 0 169 255
12 16 15 0 169 255
13 16 15 0 169 255
14 16 15 0 169 255
15 16 15 0 169 255
16 16 15 0 169 255
17 16 15 0 169 255
18 16 15 0 169 255
19 16 15 0 169 255
20 16 15 0 169 255
21 16 15 0 169 255
22 16 15 0 169 255
23 16 15 0 169 255
24 16 15 0 169 255
8 17 15 0 169 255
9 17 15 0 169 255
10 17 15 0 169 255
11 17 15 0 169 255
12 17 15 0 169 255
13 17 15 0 169 255
14 17 15 0 169 255
15 17 15 0 169 255
16 17 15 0 169 255
17 17 15 0 169 255
18 17 15 0 169 255
19 17 15 0 169 255
20 17 15 0 169 255
21 17 15 0 169 255
22 17 15 0 169 255
23 17 15 0 169 255
24 17 15 0 169 255
9 18 15 0 169 255
10 18 15 0 169 255
11 18 15 0 169 255
12 18 15 0 169 255
13 18 15 0 169 255
14 18 15 0 169 255
15 18 15 0 169 255
16 18 15 0 169 255
17 18 15 0 169 255
18 18 15 0 169 255
19 18 15 0 169 255
20 18 15 0 169 255
21 18 15 0 169 255
22 18 15 0 169 255
23 18 15 0 169 255
8 23 15 0 169 255
9 23 15 0 169 255
10 23 15 0 169 255
22 23 15 0 169 255
23 23 15 0 169 255
24 23 15 0 169 255
8 24 15 0 169 255
9 24 15 0 169 255
10 24 15 0 169 255
22 24 15 0 169 255
23 24 15 0 169 255
16 7 16 0 169 255
15 8 16 0 169 255
16 8 16 0 169 255
17 8 16 0 169 255
14 9 16 0 169 255
15 9 16 0 169 255
16 9 16 0 169 255
17 9 16 0 169 255
18 9 16 0 169 255
14 10 16 0 169 255
15 10 16 0 169 255
16 10 16 0 169 255
17 10 16 0 169 255
18 10 16 0 169 255
15 11 16 0 169 255
16 11 16 0 169 255
17 11 16 0 169 255
15 12 16 0 169 255
16 12 16 0 169 255
17 12 16 0 169 255
15 13 16 0 169 255
16 13 16 0 169 255
17 13 16 0 169 255
10 14 16 0 169 255
11 14 16 0 169 255
12 14 16 0 169 255
13 14 16 0 169 255
14 14 16 0 169 255
15 14 16 0 169 255
16 14 16 0 169 255
17 14 16 0 169 255
18 14 16 0 169 255
19 14 16 0 169 255
20 14 16 0 169 255
21 14 16 0 169 255
22 14 16 0 169 255
10 15 16 0 169 255
11 15 16 0 169 255
12 15 16 0 169 255
13 15 16 0 169 255
14 15 16 0 169 255
15 15 16 0 169 255
16 15 16 0 169 255
17 15 16 0 169 255
18 15 16 0 169 255
19 15 16 0 169 255
20 15 16 0 169 255
21 15 16 0 169 255
22 15 16 0 169 255
8 16 16 0 169 255
9 16 16 0 169 255
10 16 16 0 169 255
11 16 16 0 169 255
12 16 16 0 169 255
13 16 16 0 169 255
14 16 16 0 169 255
15 16 16 0 169 255
16 16 16 0 169 255
17 16 16 0 169 255
18 16 16 0 169 255
19 16 16 0 169 255
20 16 16 0 169 255
21 16 16 0 169 255
22 16 16 0 169 255
23 16 16 0 169 255
24 16 16 0 169 255
8 17 16 0 169 255
9 17 16 0 169 255
10 17 16 0 169 255
11 17 16 0 169 255
12 17 16 0 169 255
13 17 16 0 169 255
14 17 16 0 169 255
15 17 16 0 169 255
16 17 16 0 169 255
17 17 16 0 169 255
18 17 16 0 169 255
19 17 16 0 169 255
20 17 16 0 169 255
21 17 16 0 169 255
22 17 16 0 169 255
23 17 16 0 169 255
24 17 16 0 169 255
9 18 16 0 169 255
10 18 16 0 169 255
11 18 16 0 169 255
12 18 16 0 169 255
13 18 16 0 169 255
14 18 16 0 169 255
15 18 16 0 169 255
16 18 16 0 169 255
17 18 16 0 169 255
18 18 16 0 169 255
19 18 16 0 169 255
20 18 16 0 169 255
21 18 16 0 169 255
22 18 16 0 169 255
23 18 16 0 169 255
9 22 16 0 169 255
23 22 16 0 169 255
8 23 16 0 169 255
9 23 16 0 169 255
10 23 16 0 169 255
22 23 16 0 169 255
23 23 16 0 169 255
24 23 16 0 169 255
9 24 16 0 169 255
22 24 16 0 169 255
23 24 16 0 169 255
14 8 17 0 169 255
15 8 17 0 169 255
17 8 17 0 169 255
18 8 17 0 169 255
14 9 17 0 169 255
15 9 17 0 169 255
16 9 17 0 169 255
17 9 17 0 169 255
18 9 17 0 169 255
14 10 17 0 169 255
15 10 17 0 169 255
16 10 17 0 169 255
17 10 17 0 169 255
18 10 17 0 169 255
15 14 17 0 169 255
16 14 17 0 169 255
17 14 17 0 169 255
9 15 17 0 169 255
10 15 17 0 169 255
11 15 17 0 169 255
12 15 17 0 169 255
15 15 17 0 169 255
16 15 17 0 169 255
17 15 17 0 169 255
20 15 17 0 169 255
21 15 17 0 169 255
22 15 17 0 169 255
23 15 17 0 169 255
8 16 17 0 169 255
9 16 17 0 169 255
10 16 17 0 169 255
11 16 17 0 169 255
12 16 17 0 169 255
13 16 17 0 169 255
14 16 17 0 169 255
15 16 17 0 169 255
16 16 17 0 169 255
17 16 17 0 169 255
18 16 17 0 169 255
19 16 17 0 169 255
20 16 17 0 169 255
21 16 17 0 169 255
22 16 17 0 169 255
23 16 17 0 169 255
24 16 17 0 169 255
8 17 17 0 169 255
9 17 17 0 169 255
10 17 17 0 169 255
11 17 17 0 169 255
12 17 17 0 169 255
13 17 17 0 169 255
14 17 17 0 169 255
15 17 17 0 169 255
16 17 17 0 169 255
17 17 17 0 169 255
18 17 17 0 169 255
19 17 17 0 169 255
20 17 17 0 169 255
21 17 17 0 169 255
22 17 17 0 169 255
23 17 17 0 169 255
24 17 17 0 169 255
9 18 17 0 169 255
10 18 17 0 169 255
11 18 17 0 169 255
12 18 17 0 169 255
13 18 17 0 169 255
14 18 17 0 169 255
15 18 17 0 169 255
16 18 17 0 169 255
17 18 17 0 169 255
18 18 17 0 169 255
19 18 17 0 169 255
20 18 17 0 169 255
21 18 17 0 169 255
22 18 17 0 169 255
9 22 17 0 169 255
22 22 17 0 169 255
23 22 17 0 169 255
8 23 17 0 169 255
9 23 17 0 169 255
10 23 17 0 169 255
22 23 17 0 169 255
23 23 17 0 169 255
24 23 17 0 169 255
9 24 17 0 169 255
23 24 17 0 169 255
14 8 18 0 169 255
18 8 18 0 169 255
13 9 18 0 169 255
14 9 18 0 169 255
15 9 18 0 169 255
17 9 18 0 169 255
18 9 18 0 169 255
19 9 18 0 169 255
13 10 18 0 169 255
14 10 18 0 169 255
15 10 18 0 169 255
17 10 18 0 169 255
18 10 18 0 169 255
19 10 18 0 169 255
9 15 18 0 169 255
10 15 18 0 169 255
22 15 18 0 169 255
23 15 18 0 169 255
8 16 18 0 169 255
9 16 18 0 169 255
10 16 18 0 169 255
11 16 18 0 169 255
12 16 18 0 169 255
13 16 18 0 169 255
14 16 18 0 169 255
15 16 18 0 169 255
16 16 18 0 169 255
17 16 18 0 169 255
18 16 18 0 169 255
19 16 18 0 169 255
20 16 18 0 169 255
21 16 18 0 169 255
22 16 18 0 169 255
23 16 18 0 169 255
24 16 18 0 169 255
8 17 18 0 169 255
9 17 18 0 169 255
10 17 18 0 169 255
11 17 18 0 169 255
12 17 18 0 169 255
13 17 18 0 169 255
14 17 18 0 169 255
15 17 18 0 169 255
16 17 18 0 169 255
17 17 18 0 169 255
18 17 18 0 169 255
19 17 18 0 169 255
20 17 18 0 169 255
21 17 18 0 169 255
22 17 18 0 169 255
23 17 18 0 169 255
24 17 18 0 169 255
9 18 18 0 169 255
10 18 18 0 169 255
11 18 18 0 169 255
12 18 18 0 169 255
13 18 18 0 169 255
14 18 18 0 169 255
15 18 18 0 169 255
16 18 18 0 169 255
17 18 18 0 169 255
18 18 18 0 169 255
19 18 18 0 169 255
20 18 18 0 169 255
21 18 18 0 169 255
22 18 18 0 169 255
23 18 18 0 169 255
10 20 18 0 169 255
11 20 18 0 169 255
12 20 18 0 169 255
13 20 18 0 169 255
14 20 18 0 169 255
15 20 18 0 169 255
16 20 18 0 169 255
17 20 18 0 169 255
18 20 18 0 169 255
19 20 18 0 169 255
20 20 18 0 169 255
21 20 18 0 169 255
22 20 18 0 169 255
9 21 18 0 169 255
10 21 18 0 169 255
11 21 18 0 169 255
12 21 18 0 169 255
13 21 18 0 169 255
14 21 18 0 169 255
15 21 18 0 169 255
16 21 18 0 169 255
17 21 18 0 169 255
18 21 18 0 169 255
19 21 18 0 169 255
20 21 18 0 169 255
21 21 18 0 169 255
22 21 18 0 169 255
8 22 18 0 169 255
9 22 18 0 169 255
10 22 18 0 169 255
11 22 18 0 169 255
12 22 18 0 169 255
13 22 18 0 169 255
14 22 18 0 169 255
15 22 18 0 169 255
16 22 18 0 169 255
17 22 18 0 169 255
18 22 18 0 169 255
19 22 18 0 169 255
20 22 18 0 169 255
21 22 18 0 169 255
22 22 18 0 169 255
23 22 18 0 169 255
8 23 18 0 169 255
9 23 18 0 169 255
10 23 18 0 169 255
11 23 18 0 169 255
12 23 18 0 169 255
13 23 18 0 169 255
14 23 18 0 169 255
15 23 18 0 169 255
16 23 18 0 169 255
17 23 18 0 169 255
18 23 18 0 169 255
19 23 18 0 169 255
20 23 18 0 169 255
21 23 18 0 169 255
22 23 18 0 169 255
23 23 18 0 169 255
24 23 18 0 169 255
9 24 18 0 169 255
23 24 18 0 169 255
13 8 19 0 169 255
14 8 19 0 169 255
18 8 19 0 169 255
19 8 19 0 169 255
12 9 19 0 169 255
13 9 19 0 169 255
14 9 19 0 169 255
18 9 19 0 169 255
19 9 19 0 169 255
20 9 19 0 169 255
12 10 19 0 169 255
13 10 19 0 169 255
14 10 19 0 169 255
18 10 19 0 169 255
19 10 19 0 169 255
8 16 19 0 169 255
9 16 19 0 169 255
10 16 19 0 169 255
22 16 19 0 169 255
23 16 19 0 169 255
24 16 19 0 169 255
8 17 19 0 169 255
9 17 19 0 169 255
10 17 19 0 169 255
11 17 19 0 169 255
12 17 19 0 169 255
13 17 19 0 169 255
14 17 19 0 169 255
15 17 19 0 169 255
16 17 19 0 169 255
17 17 19 0 169 255
18 17 19 0 169 255
19 17 19 0 169 255
20 17 19 0 169 255
21 17 19 0 169 255
22 17 19 0 169 255
23 17 19 0 169 255
24 17 19 0 169 255
8 18 19 0 169 255
9 18 19 0 169 255
10 18 19 0 169 255
11 18 19 0 169 255
12 18 19 0 169 255
13 18 19 0 169 255
14 18 19 0 169 255
15 18 19 0 169 255
16 18 19 0 169 255
17 18 19 0 169 255
18 18 19 0 169 255
19 18 19 0 169 255
20 18 19 0 169 255
21 18 19 0 169 255
22 18 19 0 169 255
23 18 19 0 169 255
24 18 19 0 169 255
8 19 19 0 169 255
9 19 19 0 169 255
10 19 19 0 169 255
11 19 19 0 169 255
12 19 19 0 169 255
13 19 19 0 169 255
14 19 19 0 169 255
15 19 19 0 169 255
16 19 19 0 169 255
17 19 19 0 169 255
18 19 19 0 169 255
19 19 19 0 169 255
20 19 19 0 169 255
21 19 19 0 169 255
22 19 19 0 169 255
23 19 19 0 169 255
24 19 19 0 169 255
8 20 19 0 169 255
9 20 19 0 169 255
10 20 19 0 169 255
11 20 19 0 169 255
12 20 19 0 169 255
13 20 19 0 169 255
14 20 19 0 169 255
15 20 19 0 169 255
16 20 19 0 169 255
17 20 19 0 169 255
18 20 19 0 169 255
19 20 19 0 169 255
20 20 19 0 169 255
21 20 19 0 169 255
22 20 19 0 169 255
23 20 19 0 169 255
24 20 19 0 169 255
8 21 19 0 169 255
9 21 19 0 169 255
10 21 19 0 169 255
11 21 19 0 169 255
12 21 19 0 169 255
13 21 19 0 169 255
14 21 19 0 169 255
15 21 19 0 169 255
16 21 19 0 169 255
17 21 19 0 169 255
18 21 19 0 169 255
19 21 19 0 169 255
20 21 19 0 169 255
21 21 19 0 169 255
22 21 19 0 169 255
23 21 19 0 169 255
24 21 19 0 169 255
8 22 19 0 169 255
9 22 19 0 169 255
10 22 19 0 169 255
11 22 19 0 169 255
12 22 19 0 169 255
13 22 19 0 169 255
14 22 19 0 169 255
15 22 19 0 169 255
16 22 19 0 169 255
17 22 19 0 169 255
18 22 19 0 169 255
19 22 19 0 169 255
20 22 19 0 169 255
21 22 19 0 169 255
22 22 19 0 169 255
23 22 19 0 169 255
24 22 19 0 169 255
8 23 19 0 169 255
9 23 19 0 169 255
10 23 19 0 169 255
11 23 19 0 169 255
12 23 19 0 169 255
13 23 19 0 169 255
14 23 19 0 169 255
15 23 19 0 169 255
16 23 19 0 169 255
17 23 19 0 169 255
18 23 19 0 169 255
19 23 19 0 169 255
20 23 19 0 169 255
21 23 19 0 169 255
22 23 19 0 169 255
23 23 19 0 169 255
24 23 19 0 169 255
9 24 19 0 169 255
10 24 19 0 169 255
11 24 19 0 169 255
12 24 19 0 169 255
13 24 19 0 169 255
14 24 19 0 169 255
15 24 19 0 169 255
16 24 19 0 169 255
17 24 19 0 169 255
18 24 19 0 169 255
19 24 19 0 169 255
20 24 19 0 169 255
21 24 19 0 169 255
22 24 19 0 169 255
23 24 19 0 169 255
9 25 19 0 169 255
10 25 19 0 169 255
11 25 19 0 169 255
12 25 19 0 169 255
13 25 19 0 169 255
14 25 19 0 169 255
15 25 19 0 169 255
16 25 19 0 169 255
17 25 19 0 169 255
18 25 19 0 169 255
19 25 19 0 169 255
20 25 19 0 169 255
21 25 19 0 169 255
22 25 19 0 169 255
10 26 19 0 169 255
11 26 19 0 169 255
12 26 19 0 169 255
13 26 19 0 169 255
14 26 19 0 169 255
15 26 19 0 169 255
16 26 19 0 169 255
17 26 19 0 169 255
18 26 19 0 169 255
19 26 19 0 169 255
20 26 19 0 169 255
21 26 19 0 169 255
22 26 19 0 169 255
11 7 20 0 169 255
21 7 20 0 169 255
12 8 20 0 169 255
13 8 20 0 169 255
19 8 20 0 169 255
20 8 20 0 169 255
11 9 20 0 169 255
12 9 20 0 169 255
13 9 20 0 169 255
14 9 20 0 169 255
18 9 20 0 169 255
19 9 20 0 169 255
20 9 20 0 169 255
12 10 20 0 169 255
13 10 20 0 169 255
19 10 20 0 169 255
20 10 20 0 169 255
9 16 20 0 169 255
10 16 20 0 169 255
22 16 20 0 169 255
8 17 20 0 169 255
9 17 20 0 169 255
10 17 20 0 169 255
22 17 20 0 169 255
23 17 20 0 169 255
24 17 20 0 169 255
8 18 20 0 169 255
9 18 20 0 169 255
10 18 20 0 169 255
11 18 20 0 169 255
12 18 20 0 169 255
13 18 20 0 169 255
14 18 20 0 169 255
15 18 20 0 169 255
16 18 20 0 169 255
17 18 20 0 169 255
18 18 20 0 169 255
19 18 20 0 169 255
20 18 20 0 169 255
21 18 20 0 169 255
22 18 20 0 169 255
23 18 20 0 169 255
24 18 20 0 169 255
8 19 20 0 169 255
9 19 20 0 169 255
10 19 20 0 169 255
11 19 20 0 169 255
12 19 20 0 169 255
13 19 20 0 169 255
14 19 20 0 169 255
15 19 20 0 169 255
16 19 20 0 169 255
17 19 20 0 169 255
18 19 20 0 169 255
19 19 20 0 169 255
20 19 20 0 169 255
21 19 20 0 169 255
22 19 20 0 169 255
23 19 20 0 169 255
24 19 20 0 169 255
8 20 20 0 169 255
9 20 20 0 169 255
10 20 20 0 169 255
11 20 20 0 169 255
12 20 20 0 169 255
13 20 20 0 169 255
14 20 20 0 169 255
15 20 20 0 169 255
16 20 20 0 169 255
17 20 20 0 169 255
18 20 20 0 169 255
19 20 20 0 169 255
20 20 20 0 169 255
21 20 20 0 169 255
22 20 20 0 169 255
23 20 20 0 169 255
24 20 20 0 169 255
8 21 20 0 169 255
9 21 20 0 169 255
10 21 20 0 169 255
11 21 20 0 169 255
12 21 20 0 169 255
13 21 20 0 169 255
14 21 20 0 169 255
15 21 20 0 169 255
16 21 20 0 169 255
17 21 20 0 169 255
18 21 20 0 169 255
19 21 20 0 169 255
20 21 20 0 169 255
21 21 20 0 169 255
22 21 20 0 169 255
23 21 20 0 169 255
24 21 20 0 169 255
8 22 20 0 169 255
9 22 20 0 169 255
10 22 20 0 169 255
11 22 20 0 169 255
12 22 20 0 169 255
13 22 20 0 169 255
14 22 20 0 169 255
15 22 20 0 169 255
16 22 20 0 169 255
17 22 20 0 169 255
18 22 20 0 169 255
19 22 20 0 169 255
20 22 20 0 169 255
21 22 20 0 169 255
22 22 20 0 169 255
23 22 20 0 169 255
24 22 20 0 169 255
8 23 20 0 169 255
9 23 20 0 169 255
10 23 20 0 169 255
11 23 20 0 169 255
12 23 20 0 169 255
13 23 20 0 169 255
14 23 20 0 169 255
15 23 20 0 169 255
16 23 20 0 169 255
17 23 20 0 169 255
18 23 20 0 169 255
19 23 20 0 169 255
20 23 20 0 169 255
21 23 20 0 169 255
22 23 20 0 169 255
23 23 20 0 169 255
24 23 20 0 169 255
9 24 20 0 169 255
10 24 20 0 169 255
11 24 20 0 169 255
12 24 20 0 169 255
13 24 20 0 169 255
14 24 20 0 169 255
15 24 20 0 169 255
16 24 20 0 169 255
17 24 20 0 169 255
18 24 20 0 169 255
19 24 20 0 169 255
20 24 20 0 169 255
21 24 20 0 169 255
22 24 20 0 169 255
23 24 20 0 169 255
9 25 20 0 169 255
10 25 20 0 169 255
11 25 20 0 169 255
12 25 20 0 169 255
13 25 20 0 169 255
14 25 20 0 169 255
15 25 20 0 169 255
16 25 20 0 169 255
17 25 20 0 169 255
18 25 20 0 169 255
19 25 20 0 169 255
20 25 20 0 169 255
21 25 20 0 169 255
22 25 20 0 169 255
23 25 20 0 169 255
9 26 20 0 169 255
10 26 20 0 169 255
11 26 20 0 169 255
12 26 20 0 169 255
13 26 20 0 169 255
14 26 20 0 169 255
15 26 20 0 169 255
16 26 20 0 169 255
17 26 20 0 169 255
18 26 20 0 169 255
19 26 20 0 169 255
20 26 20 0 169 255
21 26 20 0 169 255
22 26 20 0 169 255
23 26 20 0 169 255
9 27 20 0 169 255
10 27 20 0 169 255
11 27 20 0 169 255
12 27 20 0 169 255
13 27 20 0 169 255
14 27 20 0 169 255
15 27 20 0 169 255
16 27 20 0 169 255
17 27 20 0 169 255
18 27 20 0 169 255
19 27 20 0 169 255
20 27 20 0 169 255
21 27 20 0 169 255
22 27 20 0 169 255
10 28 20 0 169 255
11 28 20 0 169 255
12 28 20 0 169 255
13 28 20 0 169 255
14 28 20 0 169 255
15 28 20 0 169 255
16 28 20 0 169 255
17 28 20 0 169 255
18 28 20 0 169 255
19 28 20 0 169 255
20 28 20 0 169 255
21 28 20 0 169 255
22 28 20 0 169 255
11 6 21 0 169 255
12 6 21 0 169 255
20 6 21 0 169 255
21 6 21 0 169 255
10 7 21 0 169 255
11 7 21 0 169 255
12 7 21 0 169 255
20 7 21 0 169 255
21 7 21 0 169 255
10 8 21 0 169 255
11 8 21 0 169 255
12 8 21 0 169 255
20 8 21 0 169 255
21 8 21 0 169 255
11 9 21 0 169 255
12 9 21 0 169 255
13 9 21 0 169 255
19 9 21 0 169 255
20 9 21 0 169 255
21 9 21 0 169 255
11 10 21 0 169 255
12 10 21 0 169 255
20 10 21 0 169 255
21 10 21 0 169 255
9 18 21 0 169 255
10 18 21 0 169 255
22 18 21 0 169 255
9 19 21 0 169 255
10 19 21 0 169 255
22 19 21 0 169 255
23 19 21 0 169 255
10 20 21 0 169 255
22 20 21 0 169 255
10 24 21 0 169 255
22 24 21 0 169 255
10 25 21 0 169 255
11 25 21 0 169 255
12 25 21 0 169 255
13 25 21 0 169 255
14 25 21 0 169 255
15 25 21 0 169 255
16 25 21 0 169 255
17 25 21 0 169 255
18 25 21 0 169 255
19 25 21 0 169 255
20 25 21 0 169 255
21 25 21 0 169 255
22 25 21 0 169 255
9 26 21 0 169 255
10 26 21 0 169 255
11 26 21 0 169 255
12 26 21 0 169 255
13 26 21 0 169 255
14 26 21 0 169 255
15 26 21 0 169 255
16 26 21 0 169 255
17 26 21 0 169 255
18 26 21 0 169 255
19 26 21 0 169 255
20 26 21 0 169 255
21 26 21 0 169 255
22 26 21 0 169 255
9 27 21 0 169 255
10 27 21 0 169 255
11 27 21 0 169 255
12 27 21 0 169 255
13 27 21 0 169 255
14 27 21 0 169 255
15 27 21 0 169 255
16 27 21 0 169 255
17 27 21 0 169 255
18 27 21 0 169 255
19 27 21 0 169 255
20 27 21 0 169 255
21 27 21 0 169 255
22 27 21 0 169 255
23 27 21 0 169 255
9 28 21 0 169 255
10 28 21 0 169 255
11 28 21 0 169 255
12 28 21 0 169 255
13 28 21 0 169 255
14 28 21 0 169 255
15 28 21 0 169 255
16 28 21 0 169 255
17 28 21 0 169 255
18 28 21 0 169 255
19 28 21 0 169 255
20 28 21 0 169 255
21 28 21 0 169 255
22 28 21 0 169 255
10 6 22 0 169 255
11 6 22 0 169 255
12 6 22 0 169 255
20 6 22 0 169 255
21 6 22 0 169 255
22 6 22 0 169 255
10 7 22 0 169 255
11 7 22 0 169 255
12 7 22 0 169 255
20 7 22 0 169 255
21 7 22 0 169 255
22 7 22 0 169 255
10 8 22 0 169 255
11 8 22 0 169 255
12 8 22 0 169 255
20 8 22 0 169 255
21 8 22 0 169 255
22 8 22 0 169 255
10 9 22 0 169 255
11 9 22 0 169 255
12 9 22 0 169 255
20 9 22 0 169 255
21 9 22 0 169 255
22 9 22 0 169 255
11 10 22 0 169 255
20 10 22 0 169 255
21 10 22 0 169 255
13 25 22 0 169 255
14 25 22 0 169 255
15 25 22 0 169 255
16 25 22 0 169 255
17 25 22 0 169 255
18 25 22 0 169 255
19 25 22 0 169 255
12 26 22 0 169 255
13 26 22 0 169 255
14 26 22 0 169 255
15 26 22 0 169 255
16 26 22 0 169 255
17 26 22 0 169 255
18 26 22 0 169 255
19 26 22 0 169 255
20 26 22 0 169 255
10 27 22 0 169 255
11 27 22 0 169 255
12 27 22 0 169 255
13 27 22 0 169 255
14 27 22 0 169 255
15 27 22 0 169 255
16 27 22 0 169 255
17 27 22 0 169 255
18 27 22 0 169 255
19 27 22 0 169 255
20 27 22 0 169 255
21 27 22 0 169 255
22 27 22 0 169 255
10 28 22 0 169 255
11 28 22 0 169 255
12 28 22 0 169 255
13 28 22 0 169 255
14 28 22 0 169 255
15 28 22 0 169 255
16 28 22 0 169 255
17 28 22 0 169 255
18 28 22 0 169 255
19 28 22 0 169 255
20 28 22 0 169 255
21 28 22 0 169 255
22 28 22 0 169 255
11 6 23 0 169 255
12 6 23 0 169 255
20 6 23 0 169 255
21 6 23 0 169 255
11 7 23 0 169 255
12 7 23 0 169 255
20 7 23 0 169 255
21 7 23 0 169 255
11 8 23 0 169 255
12 8 23 0 169 255
20 8 23 0 169 255
21 8 23 0 169 255
11 9 23 0 169 255
21 9 23 0 169 255
