15 12 7 0 169 255
15 13 7 0 169 255
14 10 8 0 169 255
15 10 8 0 169 255
16 10 8 0 169 255
14 11 8 0 169 255
15 11 8 0 169 255
16 11 8 0 169 255
14 12 8 0 169 255
15 12 8 0 169 255
16 12 8 0 169 255
14 13 8 0 169 255
15 13 8 0 169 255
16 13 8 0 169 255
14 10 9 0 169 255
15 10 9 0 169 255
16 10 9 0 169 255
14 11 9 0 169 255
15 11 9 0 169 255
16 11 9 0 169 255
14 12 9 0 169 255
15 12 9 0 169 255
16 12 9 0 169 255
14 13 9 0 169 255
15 13 9 0 169 255
16 13 9 0 169 255
14 11 10 0 169 255
15 11 10 0 169 255
16 11 10 0 169 255
14 12 10 0 169 255
15 12 10 0 169 255
16 12 10 0 169 255
14 13 10 0 169 255
15 13 10 0 169 255
16 13 10 0 169 255
14 20 10 0 169 255
15 20 10 0 169 255
16 20 10 0 169 255
17 20 10 0 169 255
18 20 10 0 169 255
10 21 10 0 169 255
11 21 10 0 169 255
12 21 10 0 169 255
13 21 10 0 169 255
14 21 10 0 169 255
15 21 10 0 169 255
16 21 10 0 169 255
17 21 10 0 169 255
18 21 10 0 169 255
19 21 10 0 169 255
20 21 10 0 169 255
21 21 10 0 169 255
22 21 10 0 169 255
10 22 10 0 169 255
11 22 10 0 169 255
12 22 10 0 169 255
13 22 10 0 169 255
14 22 10 0 169 255
15 22 10 0 169 255
16 22 10 0 169 255
17 22 10 0 169 255
18 22 10 0 169 255
19 22 10 0 169 255
20 22 10 0 169 255
21 22 10 0 169 255
22 22 10 0 169 255
10 23 10 0 169 255
11 23 10 0 169 255
12 23 10 0 169 255
13 23 10 0 169 255
14 23 10 0 169 255
15 23 10 0 169 255
16 23 10 0 169 255
17 23 10 0 169 255
18 23 10 0 169 255
19 23 10 0 169 255
20 23 10 0 169 255
21 23 10 0 169 255
21 10 11 0 169 255
22 10 11 0 169 255
15 11 11 0 169 255
16 11 11 0 169 255
21 11 11 0 169 255
22 11 11 0 169 255
14 12 11 0 169 255
15 12 11 0 169 255
16 12 11 0 169 255
21 12 11 0 169 255
22 12 11 0 169 255
14 13 11 0 169 255
15 13 11 0 169 255
16 13 11 0 169 255
21 13 11 0 169 255
22 13 11 0 169 255
14 20 11 0 169 255
15 20 11 0 169 255
16 20 11 0 169 255
17 20 11 0 169 255
18 20 11 0 169 255
9 21 11 0 169 255
10 21 11 0 169 255
11 21 11 0 169 255
12 21 11 0 169 255
13 21 11 0 169 255
14 21 11 0 169 255
15 21 11 0 169 255
16 21 11 0 169 255
17 21 11 0 169 255
18 21 11 0 169 255
19 21 11 0 169 255
20 21 11 0 169 255
21 21 11 0 169 255
22 21 11 0 169 255
9 22 11 0 169 255
10 22 11 0 169 255
11 22 11 0 169 255
12 22 11 0 169 255
13 22 11 0 169 255
14 22 11 0 169 255
15 22 11 0 169 255
16 22 11 0 169 255
17 22 11 0 169 255
18 22 11 0 169 255
19 22 11 0 169 255
20 22 11 0 169 255
21 22 11 0 169 255
22 22 11 0 169 255
10 23 11 0 169 255
11 23 11 0 169 255
12 23 11 0 169 255
13 23 11 0 169 255
14 23 11 0 169 255
15 23 11 0 169 255
16 23 11 0 169 255
17 23 11 0 169 255
18 23 11 0 169 255
19 23 11 0 169 255
20 23 11 0 169 255
21 23 11 0 169 255
22 23 11 0 169 255
21 10 12 0 169 255
22 10 12 0 169 255
15 11 12 0 169 255
16 11 12 0 169 255
21 11 12 0 169 255
22 11 12 0 169 255
23 11 12 0 169 255
15 12 12 0 169 255
16 12 12 0 169 255
19 12 12 0 169 255
20 12 12 0 169 255
21 12 12 0 169 255
22 12 12 0 169 255
23 12 12 0 169 255
15 13 12 0 169 255
16 13 12 0 169 255
19 13 12 0 169 255
20 13 12 0 169 255
21 13 12 0 169 255
22 13 12 0 169 255
23 13 12 0 169 255
14 20 12 0 169 255
15 20 12 0 169 255
16 20 12 0 169 255
17 20 12 0 169 255
18 20 12 0 169 255
9 21 12 0 169 255
10 21 12 0 169 255
11 21 12 0 169 255
12 21 12 0 169 255
13 21 12 0 169 255
14 21 12 0 169 255
15 21 12 0 169 255
16 21 12 0 169 255
17 21 12 0 169 255
18 21 12 0 169 255
19 21 12 0 169 255
20 21 12 0 169 255
21 21 12 0 169 255
22 21 12 0 169 255
9 22 12 0 169 255
10 22 12 0 169 255
11 22 12 0 169 255
12 22 12 0 169 255
13 22 12 0 169 255
14 22 12 0 169 255
15 22 12 0 169 255
16 22 12 0 169 255
17 22 12 0 169 255
18 22 12 0 169 255
19 22 12 0 169 255
20 22 12 0 169 255
21 22 12 0 169 255
22 22 12 0 169 255
10 23 12 0 169 255
11 23 12 0 169 255
12 23 12 0 169 255
13 23 12 0 169 255
14 23 12 0 169 255
15 23 12 0 169 255
16 23 12 0 169 255
17 23 12 0 169 255
18 23 12 0 169 255
19 23 12 0 169 255
20 23 12 0 169 255
21 23 12 0 169 255
22 23 12 0 169 255
9 10 13 0 169 255
10 10 13 0 169 255
21 10 13 0 169 255
22 10 13 0 169 255
8 11 13 0 169 255
9 11 13 0 169 255
10 11 13 0 169 255
15 11 13 0 169 255
16 11 13 0 169 255
19 11 13 0 169 255
20 11 13 0 169 255
21 11 13 0 169 255
22 11 13 0 169 255
23 11 13 0 169 255
9 12 13 0 169 255
10 12 13 0 169 255
11 12 13 0 169 255
12 12 13 0 169 255
15 12 13 0 169 255
16 12 13 0 169 255
18 12 13 0 169 255
19 12 13 0 169 255
20 12 13 0 169 255
21 12 13 0 169 255
22 12 13 0 169 255
23 12 13 0 169 255
9 13 13 0 169 255
10 13 13 0 169 255
11 13 13 0 169 255
12 13 13 0 169 255
15 13 13 0 169 255
16 13 13 0 169 255
18 13 13 0 169 255
19 13 13 0 169 255
20 13 13 0 169 255
21 13 13 0 169 255
22 13 13 0 169 255
23 13 13 0 169 255
14 20 13 0 169 255
15 20 13 0 169 255
16 20 13 0 169 255
17 20 13 0 169 255
18 20 13 0 169 255
9 21 13 0 169 255
10 21 13 0 169 255
11 21 13 0 169 255
12 21 13 0 169 255
13 21 13 0 169 255
14 21 13 0 169 255
15 21 13 0 169 255
16 21 13 0 169 255
17 21 13 0 169 255
18 21 13 0 169 255
19 21 13 0 169 255
20 21 13 0 169 255
21 21 13 0 169 255
22 21 13 0 169 255
9 22 13 0 169 255
10 22 13 0 169 255
11 22 13 0 169 255
12 22 13 0 169 255
13 22 13 0 169 255
14 22 13 0 169 255
15 22 13 0 169 255
16 22 13 0 169 255
17 22 13 0 169 255
18 22 13 0 169 255
19 22 13 0 169 255
20 22 13 0 169 255
21 22 13 0 169 255
22 22 13 0 169 255
10 23 13 0 169 255
11 23 13 0 169 255
12 23 13 0 169 255
13 23 13 0 169 255
14 23 13 0 169 255
15 23 13 0 169 255
16 23 13 0 169 255
17 23 13 0 169 255
18 23 13 0 169 255
19 23 13 0 169 255
20 23 13 0 169 255
21 23 13 0 169 255
22 23 13 0 169 255
9 10 14 0 169 255
10 10 14 0 169 255
22 10 14 0 169 255
8 11 14 0 169 255
9 11 14 0 169 255
10 11 14 0 169 255
11 11 14 0 169 255
12 11 14 0 169 255
13 11 14 0 169 255
16 11 14 0 169 255
17 11 14 0 169 255
18 11 14 0 169 255
19 11 14 0 169 255
20 11 14 0 169 255
21 11 14 0 169 255
22 11 14 0 169 255
8 12 14 0 169 255
9 12 14 0 169 255
10 12 14 0 169 255
11 12 14 0 169 255
12 12 14 0 169 255
13 12 14 0 169 255
14 12 14 0 169 255
15 12 14 0 169 255
16 12 14 0 169 255
17 12 14 0 169 255
18 12 14 0 169 255
19 12 14 0 169 255
20 12 14 0 169 255
21 12 14 0 169 255
22 12 14 0 169 255
8 13 14 0 169 255
9 13 14 0 169 255
10 13 14 0 169 255
11 13 14 0 169 255
12 13 14 0 169 255
13 13 14 0 169 255
14 13 14 0 169 255
15 13 14 0 169 255
16 13 14 0 169 255
17 13 14 0 169 255
18 13 14 0 169 255
19 13 14 0 169 255
20 13 14 0 169 255
21 13 14 0 169 255
22 13 14 0 169 255
15 14 14 0 169 255
16 14 14 0 169 255
17 14 14 0 169 255
15 15 14 0 169 255
16 15 14 0 169 255
17 15 14 0 169 255
15 16 14 0 169 255
16 16 14 0 169 255
17 16 14 0 169 255
15 17 14 0 169 255
16 17 14 0 169 255
17 17 14 0 169 255
15 18 14 0 169 255
16 18 14 0 169 255
17 18 14 0 169 255
15 19 14 0 169 255
16 19 14 0 169 255
17 19 14 0 169 255
14 20 14 0 169 255
15 20 14 0 169 255
16 20 14 0 169 255
17 20 14 0 169 255
18 20 14 0 169 255
9 21 14 0 169 255
10 21 14 0 169 255
11 21 14 0 169 255
12 21 14 0 169 255
13 21 14 0 169 255
14 21 14 0 169 255
15 21 14 0 169 255
16 21 14 0 169 255
17 21 14 0 169 255
18 21 14 0 169 255
19 21 14 0 169 255
20 21 14 0 169 255
21 21 14 0 169 255
22 21 14 0 169 255
9 22 14 0 169 255
10 22 14 0 169 255
11 22 14 0 169 255
12 22 14 0 169 255
13 22 14 0 169 255
14 22 14 0 169 255
15 22 14 0 169 255
16 22 14 0 169 255
17 22 14 0 169 255
18 22 14 0 169 255
19 22 14 0 169 255
20 22 14 0 169 255
21 22 14 0 169 255
22 22 14 0 169 255
10 23 14 0 169 255
11 23 14 0 169 255
12 23 14 0 169 255
13 23 14 0 169 255
14 23 14 0 169 255
15 23 14 0 169 255
16 23 14 0 169 255
17 23 14 0 169 255
18 23 14 0 169 255
19 23 14 0 169 255
20 23 14 0 169 255
21 23 14 0 169 255
22 23 14 0 169 255
9 10 15 0 169 255
10 10 15 0 169 255
8 11 15 0 169 255
9 11 15 0 169 255
10 11 15 0 169 255
11 11 15 0 169 255
12 11 15 0 169 255
13 11 15 0 169 255
14 11 15 0 169 255
15 11 15 0 169 255
16 11 15 0 169 255
17 11 15 0 169 255
8 12 15 0 169 255
9 12 15 0 169 255
10 12 15 0 169 255
11 12 15 0 169 255
12 12 15 0 169 255
13 12 15 0 169 255
14 12 15 0 169 255
15 12 15 0 169 255
16 12 15 0 169 255
17 12 15 0 169 255
18 12 15 0 169 255
19 12 15 0 169 255
8 13 15 0 169 255
9 13 15 0 169 255
10 13 15 0 169 255
11 13 15 0 169 255
12 13 15 0 169 255
13 13 15 0 169 255
14 13 15 0 169 255
15 13 15 0 169 255
16 13 15 0 169 255
17 13 15 0 169 255
18 13 15 0 169 255
19 13 15 0 169 255
14 14 15 0 169 255
15 14 15 0 169 255
16 14 15 0 169 255
17 14 15 0 169 255
14 15 15 0 169 255
15 15 15 0 169 255
16 15 15 0 169 255
17 15 15 0 169 255
14 16 15 0 169 255
15 16 15 0 169 255
16 16 15 0 169 255
17 16 15 0 169 255
15 17 15 0 169 255
16 17 15 0 169 255
17 17 15 0 169 255
15 18 15 0 169 255
16 18 15 0 169 255
17 18 15 0 169 255
15 19 15 0 169 255
16 19 15 0 169 255
17 19 15 0 169 255
14 20 15 0 169 255
15 20 15 0 169 255
16 20 15 0 169 255
17 20 15 0 169 255
18 20 15 0 169 255
9 21 15 0 169 255
10 21 15 0 169 255
11 21 15 0 169 255
12 21 15 0 169 255
13 21 15 0 169 255
14 21 15 0 169 255
15 21 15 0 169 255
16 21 15 0 169 255
17 21 15 0 169 255
18 21 15 0 169 255
19 21 15 0 169 255
20 21 15 0 169 255
21 21 15 0 169 255
22 21 15 0 169 255
9 22 15 0 169 255
10 22 15 0 169 255
11 22 15 0 169 255
12 22 15 0 169 255
13 22 15 0 169 255
14 22 15 0 169 255
15 22 15 0 169 255
16 22 15 0 169 255
17 22 15 0 169 255
18 22 15 0 169 255
19 22 15 0 169 255
20 22 15 0 169 255
21 22 15 0 169 255
22 22 15 0 169 255
10 23 15 0 169 255
11 23 15 0 169 255
12 23 15 0 169 255
13 23 15 0 169 255
14 23 15 0 169 255
15 23 15 0 169 255
16 23 15 0 169 255
17 23 15 0 169 255
18 23 15 0 169 255
19 23 15 0 169 255
20 23 15 0 169 255
21 23 15 0 169 255
22 23 15 0 169 255
15 11 16 0 169 255
16 11 16 0 169 255
17 11 16 0 169 255
18 11 16 0 169 255
15 12 16 0 169 255
16 12 16 0 169 255
17 12 16 0 169 255
18 12 16 0 169 255
19 12 16 0 169 255
15 13 16 0 169 255
16 13 16 0 169 255
17 13 16 0 169 255
18 13 16 0 169 255
19 13 16 0 169 255
15 14 16 0 169 255
16 14 16 0 169 255
17 14 16 0 169 255
15 15 16 0 169 255
16 15 16 0 169 255
17 15 16 0 169 255
15 16 16 0 169 255
16 16 16 0 169 255
17 16 16 0 169 255
15 17 16 0 169 255
16 17 16 0 169 255
17 17 16 0 169 255
15 18 16 0 169 255
16 18 16 0 169 255
17 18 16 0 169 255
15 19 16 0 169 255
16 19 16 0 169 255
17 19 16 0 169 255
14 20 16 0 169 255
15 20 16 0 169 255
16 20 16 0 169 255
17 20 16 0 169 255
18 20 16 0 169 255
9 21 16 0 169 255
10 21 16 0 169 255
11 21 16 0 169 255
12 21 16 0 169 255
13 21 16 0 169 255
14 21 16 0 169 255
15 21 16 0 169 255
16 21 16 0 169 255
17 21 16 0 169 255
18 21 16 0 169 255
19 21 16 0 169 255
20 21 16 0 169 255
21 21 16 0 169 255
22 21 16 0 169 255
9 22 16 0 169 255
10 22 16 0 169 255
11 22 16 0 169 255
12 22 16 0 169 255
13 22 16 0 169 255
14 22 16 0 169 255
15 22 16 0 169 255
16 22 16 0 169 255
17 22 16 0 169 255
18 22 16 0 169 255
19 22 16 0 169 255
20 22 16 0 169 255
21 22 16 0 169 255
22 22 16 0 169 255
10 23 16 0 169 255
11 23 16 0 169 255
12 23 16 0 169 255
13 23 16 0 169 255
14 23 16 0 169 255
15 23 16 0 169 255
16 23 16 0 169 255
17 23 16 0 169 255
18 23 16 0 169 255
19 23 16 0 169 255
20 23 16 0 169 255
21 23 16 0 169 255
22 23 16 0 169 255
15 11 17 0 169 255
18 11 17 0 169 255
19 11 17 0 169 255
20 11 17 0 169 255
14 12 17 0 169 255
15 12 17 0 169 255
16 12 17 0 169 255
17 12 17 0 169 255
18 12 17 0 169 255
19 12 17 0 169 255
20 12 17 0 169 255
21 12 17 0 169 255
14 13 17 0 169 255
15 13 17 0 169 255
16 13 17 0 169 255
17 13 17 0 169 255
18 13 17 0 169 255
19 13 17 0 169 255
20 13 17 0 169 255
21 13 17 0 169 255
14 20 17 0 169 255
15 20 17 0 169 255
16 20 17 0 169 255
17 20 17 0 169 255
18 20 17 0 169 255
9 21 17 0 169 255
10 21 17 0 169 255
11 21 17 0 169 255
12 21 17 0 169 255
13 21 17 0 169 255
14 21 17 0 169 255
15 21 17 0 169 255
16 21 17 0 169 255
17 21 17 0 169 255
18 21 17 0 169 255
19 21 17 0 169 255
20 21 17 0 169 255
21 21 17 0 169 255
22 21 17 0 169 255
9 22 17 0 169 255
10 22 17 0 169 255
11 22 17 0 169 255
12 22 17 0 169 255
13 22 17 0 169 255
14 22 17 0 169 255
15 22 17 0 169 255
16 22 17 0 169 255
17 22 17 0 169 255
18 22 17 0 169 255
19 22 17 0 169 255
20 22 17 0 169 255
21 22 17 0 169 255
22 22 17 0 169 255
10 23 17 0 169 255
11 23 17 0 169 255
12 23 17 0 169 255
13 23 17 0 169 255
14 23 17 0 169 255
15 23 17 0 169 255
16 23 17 0 169 255
17 23 17 0 169 255
18 23 17 0 169 255
19 23 17 0 169 255
20 23 17 0 169 255
21 23 17 0 169 255
22 23 17 0 169 255
20 10 18 0 169 255
21 10 18 0 169 255
22 10 18 0 169 255
14 11 18 0 169 255
15 11 18 0 169 255
19 11 18 0 169 255
20 11 18 0 169 255
21 11 18 0 169 255
22 11 18 0 169 255
13 12 18 0 169 255
14 12 18 0 169 255
15 12 18 0 169 255
16 12 18 0 169 255
18 12 18 0 169 255
19 12 18 0 169 255
20 12 18 0 169 255
21 12 18 0 169 255
22 12 18 0 169 255
13 13 18 0 169 255
14 13 18 0 169 255
15 13 18 0 169 255
16 13 18 0 169 255
18 13 18 0 169 255
19 13 18 0 169 255
20 13 18 0 169 255
21 13 18 0 169 255
22 13 18 0 169 255
14 20 18 0 169 255
15 20 18 0 169 255
16 20 18 0 169 255
17 20 18 0 169 255
18 20 18 0 169 255
9 21 18 0 169 255
10 21 18 0 169 255
11 21 18 0 169 255
12 21 18 0 169 255
13 21 18 0 169 255
14 21 18 0 169 255
15 21 18 0 169 255
16 21 18 0 169 255
17 21 18 0 169 255
18 21 18 0 169 255
19 21 18 0 169 255
20 21 18 0 169 255
21 21 18 0 169 255
22 21 18 0 169 255
9 22 18 0 169 255
10 22 18 0 169 255
11 22 18 0 169 255
12 22 18 0 169 255
13 22 18 0 169 255
14 22 18 0 169 255
15 22 18 0 169 255
16 22 18 0 169 255
17 22 18 0 169 255
18 22 18 0 169 255
19 22 18 0 169 255
20 22 18 0 169 255
21 22 18 0 169 255
22 22 18 0 169 255
10 23 18 0 169 255
11 23 18 0 169 255
12 23 18 0 169 255
13 23 18 0 169 255
14 23 18 0 169 255
15 23 18 0 169 255
16 23 18 0 169 255
17 23 18 0 169 255
18 23 18 0 169 255
19 23 18 0 169 255
20 23 18 0 169 255
21 23 18 0 169 255
22 23 18 0 169 255
20 10 19 0 169 255
21 10 19 0 169 255
22 10 19 0 169 255
14 11 19 0 169 255
15 11 19 0 169 255
20 11 19 0 169 255
21 11 19 0 169 255
22 11 19 0 169 255
13 12 19 0 169 255
14 12 19 0 169 255
15 12 19 0 169 255
19 12 19 0 169 255
20 12 19 0 169 255
21 12 19 0 169 255
22 12 19 0 169 255
13 13 19 0 169 255
14 13 19 0 169 255
15 13 19 0 169 255
19 13 19 0 169 255
20 13 19 0 169 255
21 13 19 0 169 255
22 13 19 0 169 255
14 20 19 0 169 255
15 20 19 0 169 255
16 20 19 0 169 255
17 20 19 0 169 255
18 20 19 0 169 255
9 21 19 0 169 255
10 21 19 0 169 255
11 21 19 0 169 255
12 21 19 0 169 255
13 21 19 0 169 255
14 21 19 0 169 255
15 21 19 0 169 255
16 21 19 0 169 255
17 21 19 0 169 255
18 21 19 0 169 255
19 21 19 0 169 255
20 21 19 0 169 255
21 21 19 0 169 255
22 21 19 0 169 255
9 22 19 0 169 255
10 22 19 0 169 255
11 22 19 0 169 255
12 22 19 0 169 255
13 22 19 0 169 255
14 22 19 0 169 255
15 22 19 0 169 255
16 22 19 0 169 255
17 22 19 0 169 255
18 22 19 0 169 255
19 22 19 0 169 255
20 22 19 0 169 255
21 22 19 0 169 255
22 22 19 0 169 255
10 23 19 0 169 255
11 23 19 0 169 255
12 23 19 0 169 255
13 23 19 0 169 255
14 23 19 0 169 255
15 23 19 0 169 255
16 23 19 0 169 255
17 23 19 0 169 255
18 23 19 0 169 255
19 23 19 0 169 255
20 23 19 0 169 255
21 23 19 0 169 255
22 23 19 0 169 255
12 10 20 0 169 255
13 10 20 0 169 255
14 10 20 0 169 255
20 10 20 0 169 255
21 10 20 0 169 255
22 10 20 0 169 255
12 11 20 0 169 255
13 11 20 0 169 255
14 11 20 0 169 255
15 11 20 0 169 255
20 11 20 0 169 255
21 11 20 0 169 255
22 11 20 0 169 255
12 12 20 0 169 255
13 12 20 0 169 255
14 12 20 0 169 255
15 12 20 0 169 255
20 12 20 0 169 255
21 12 20 0 169 255
22 12 20 0 169 255
12 13 20 0 169 255
13 13 20 0 169 255
14 13 20 0 169 255
15 13 20 0 169 255
20 13 20 0 169 255
21 13 20 0 169 255
22 13 20 0 169 255
14 20 20 0 169 255
15 20 20 0 169 255
16 20 20 0 169 255
17 20 20 0 169 255
18 20 20 0 169 255
10 21 20 0 169 255
11 21 20 0 169 255
12 21 20 0 169 255
13 21 20 0 169 255
14 21 20 0 169 255
15 21 20 0 169 255
16 21 20 0 169 255
17 21 20 0 169 255
18 21 20 0 169 255
19 21 20 0 169 255
20 21 20 0 169 255
21 21 20 0 169 255
22 21 20 0 169 255
10 22 20 0 169 255
11 22 20 0 169 255
12 22 20 0 169 255
13 22 20 0 169 255
14 22 20 0 169 255
15 22 20 0 169 255
16 22 20 0 169 255
17 22 20 0 169 255
18 22 20 0 169 255
19 22 20 0 169 255
20 22 20 0 169 255
21 22 20 0 169 255
22 22 20 0 169 255
11 23 20 0 169 255
12 23 20 0 169 255
13 23 20 0 169 255
14 23 20 0 169 255
15 23 20 0 169 255
16 23 20 0 169 255
17 23 20 0 169 255
18 23 20 0 169 255
19 23 20 0 169 255
20 23 20 0 169 255
21 23 20 0 169 255
11 26 20 0 169 255
12 26 20 0 169 255
13 26 20 0 169 255
14 26 20 0 169 255
15 26 20 0 169 255
16 26 20 0 169 255
17 26 20 0 169 255
18 26 20 0 169 255
19 26 20 0 169 255
20 26 20 0 169 255
21 26 20 0 169 255
10 27 20 0 169 255
11 27 20 0 169 255
12 27 20 0 169 255
13 27 20 0 169 255
14 27 20 0 169 255
15 27 20 0 169 255
16 27 20 0 169 255
17 27 20 0 169 255
18 27 20 0 169 255
19 27 20 0 169 255
20 27 20 0 169 255
21 27 20 0 169 255
10 28 20 0 169 255
11 28 20 0 169 255
12 28 20 0 169 255
13 28 20 0 169 255
14 28 20 0 169 255
15 28 20 0 169 255
16 28 20 0 169 255
17 28 20 0 169 255
18 28 20 0 169 255
19 28 20 0 169 255
20 28 20 0 169 255
21 28 20 0 169 255
22 28 20 0 169 255
10 29 20 0 169 255
11 29 20 0 169 255
12 29 20 0 169 255
13 29 20 0 169 255
14 29 20 0 169 255
15 29 20 0 169 255
16 29 20 0 169 255
17 29 20 0 169 255
18 29 20 0 169 255
19 29 20 0 169 255
20 29 20 0 169 255
21 29 20 0 169 255
22 29 20 0 169 255
10 30 20 0 169 255
11 30 20 0 169 255
12 30 20 0 169 255
13 30 20 0 169 255
14 30 20 0 169 255
15 30 20 0 169 255
16 30 20 0 169 255
17 30 20 0 169 255
18 30 20 0 169 255
19 30 20 0 169 255
20 30 20 0 169 255
21 30 20 0 169 255
22 30 20 0 169 255
10 31 20 0 169 255
11 31 20 0 169 255
12 31 20 0 169 255
13 31 20 0 169 255
14 31 20 0 169 255
15 31 20 0 169 255
16 31 20 0 169 255
17 31 20 0 169 255
18 31 20 0 169 255
19 31 20 0 169 255
20 31 20 0 169 255
21 31 20 0 169 255
22 31 20 0 169 255
12 10 21 0 169 255
13 10 21 0 169 255
14 10 21 0 169 255
15 10 21 0 169 255
12 11 21 0 169 255
13 11 21 0 169 255
14 11 21 0 169 255
15 11 21 0 169 255
12 12 21 0 169 255
13 12 21 0 169 255
14 12 21 0 169 255
15 12 21 0 169 255
12 13 21 0 169 255
13 13 21 0 169 255
14 13 21 0 169 255
15 13 21 0 169 255
14 20 21 0 169 255
15 20 21 0 169 255
16 20 21 0 169 255
17 20 21 0 169 255
18 20 21 0 169 255
14 21 21 0 169 255
15 21 21 0 169 255
16 21 21 0 169 255
17 21 21 0 169 255
18 21 21 0 169 255
14 22 21 0 169 255
15 22 21 0 169 255
16 22 21 0 169 255
17 22 21 0 169 255
11 26 21 0 169 255
12 26 21 0 169 255
13 26 21 0 169 255
14 26 21 0 169 255
15 26 21 0 169 255
16 26 21 0 169 255
17 26 21 0 169 255
18 26 21 0 169 255
19 26 21 0 169 255
20 26 21 0 169 255
21 26 21 0 169 255
10 27 21 0 169 255
11 27 21 0 169 255
12 27 21 0 169 255
13 27 21 0 169 255
14 27 21 0 169 255
15 27 21 0 169 255
16 27 21 0 169 255
17 27 21 0 169 255
18 27 21 0 169 255
19 27 21 0 169 255
20 27 21 0 169 255
21 27 21 0 169 255
10 28 21 0 169 255
11 28 21 0 169 255
12 28 21 0 169 255
13 28 21 0 169 255
14 28 21 0 169 255
15 28 21 0 169 255
16 28 21 0 169 255
17 28 21 0 169 255
18 28 21 0 169 255
19 28 21 0 169 255
20 28 21 0 169 255
21 28 21 0 169 255
22 28 21 0 169 255
10 29 21 0 169 255
11 29 21 0 169 255
12 29 21 0 169 255
13 29 21 0 169 255
14 29 21 0 169 255
15 29 21 0 169 255
16 29 21 0 169 255
17 29 21 0 169 255
18 29 21 0 169 255
19 29 21 0 169 255
20 29 21 0 169 255
21 29 21 0 169 255
22 29 21 0 169 255
10 30 21 0 169 255
11 30 21 0 169 255
12 30 21 0 169 255
13 30 21 0 169 255
14 30 21 0 169 255
15 30 21 0 169 255
16 30 21 0 169 255
17 30 21 0 169 255
18 30 21 0 169 255
19 30 21 0 169 255
20 30 21 0 169 255
21 30 21 0 169 255
22 30 21 0 169 255
10 31 21 0 169 255
11 31 21 0 169 255
12 31 21 0 169 255
13 31 21 0 169 255
14 31 21 0 169 255
15 31 21 0 169 255
16 31 21 0 169 255
17 31 21 0 169 255
18 31 21 0 169 255
19 31 21 0 169 255
20 31 21 0 169 255
21 31 21 0 169 255
22 31 21 0 169 255
13 10 22 0 169 255
14 10 22 0 169 255
12 11 22 0 169 255
13 11 22 0 169 255
14 11 22 0 169 255
13 12 22 0 169 255
14 12 22 0 169 255
13 13 22 0 169 255
14 13 22 0 169 255
14 20 22 0 169 255
15 20 22 0 169 255
16 20 22 0 169 255
17 20 22 0 169 255
14 21 22 0 169 255
15 21 22 0 169 255
16 21 22 0 169 255
17 21 22 0 169 255
18 21 22 0 169 255
14 22 22 0 169 255
15 22 22 0 169 255
16 22 22 0 169 255
17 22 22 0 169 255
18 22 22 0 169 255
14 23 22 0 169 255
15 23 22 0 169 255
16 23 22 0 169 255
17 23 22 0 169 255
18 23 22 0 169 255
14 24 22 0 169 255
15 24 22 0 169 255
16 24 22 0 169 255
17 24 22 0 169 255
18 24 22 0 169 255
14 25 22 0 169 255
15 25 22 0 169 255
16 25 22 0 169 255
17 25 22 0 169 255
18 25 22 0 169 255
11 26 22 0 169 255
12 26 22 0 169 255
13 26 22 0 169 255
14 26 22 0 169 255
15 26 22 0 169 255
16 26 22 0 169 255
17 26 22 0 169 255
18 26 22 0 169 255
19 26 22 0 169 255
20 26 22 0 169 255
21 26 22 0 169 255
10 27 22 0 169 255
11 27 22 0 169 255
12 27 22 0 169 255
13 27 22 0 169 255
14 27 22 0 169 255
15 27 22 0 169 255
16 27 22 0 169 255
17 27 22 0 169 255
18 27 22 0 169 255
19 27 22 0 169 255
20 27 22 0 169 255
21 27 22 0 169 255
10 28 22 0 169 255
11 28 22 0 169 255
12 28 22 0 169 255
13 28 22 0 169 255
14 28 22 0 169 255
15 28 22 0 169 255
16 28 22 0 169 255
17 28 22 0 169 255
18 28 22 0 169 255
19 28 22 0 169 255
20 28 22 0 169 255
21 28 22 0 169 255
22 28 22 0 169 255
10 29 22 0 169 255
11 29 22 0 169 255
12 29 22 0 169 255
13 29 22 0 169 255
14 29 22 0 169 255
15 29 22 0 169 255
16 29 22 0 169 255
17 29 22 0 169 255
18 29 22 0 169 255
19 29 22 0 169 255
20 29 22 0 169 255
21 29 22 0 169 255
22 29 22 0 169 255
10 30 22 0 169 255
11 30 22 0 169 255
12 30 22 0 169 255
13 30 22 0 169 255
14 30 22 0 169 255
15 30 22 0 169 255
16 30 22 0 169 255
17 30 22 0 169 255
18 30 22 0 169 255
19 30 22 0 169 255
20 30 22 0 169 255
21 30 22 0 169 255
22 30 22 0 169 255
10 31 22 0 169 255
11 31 22 0 169 255
12 31 22 0 169 255
13 31 22 0 169 255
14 31 22 0 169 255
15 31 22 0 169 255
16 31 22 0 169 255
17 31 22 0 169 255
18 31 22 0 169 255
19 31 22 0 169 255
20 31 22 0 169 255
21 31 22 0 169 255
22 31 22 0 169 255
14 21 23 0 169 255
15 21 23 0 169 255
16 21 23 0 169 255
17 21 23 0 169 255
18 21 23 0 169 255
14 22 23 0 169 255
15 22 23 0 169 255
16 22 23 0 169 255
17 22 23 0 169 255
18 22 23 0 169 255
14 23 23 0 169 255
15 23 23 0 169 255
16 23 23 0 169 255
17 23 23 0 169 255
18 23 23 0 169 255
14 24 23 0 169 255
15 24 23 0 169 255
16 24 23 0 169 255
17 24 23 0 169 255
18 24 23 0 169 255
14 25 23 0 169 255
15 25 23 0 169 255
16 25 23 0 169 255
17 25 23 0 169 255
18 25 23 0 169 255
14 26 23 0 169 255
15 26 23 0 169 255
16 26 23 0 169 255
17 26 23 0 169 255
18 26 23 0 169 255
14 27 23 0 169 255
15 27 23 0 169 255
16 27 23 0 169 255
17 27 23 0 169 255
18 27 23 0 169 255
14 28 23 0 169 255
15 28 23 0 169 255
16 28 23 0 169 255
17 28 23 0 169 255
18 28 23 0 169 255
13 29 23 0 169 255
14 29 23 0 169 255
15 29 23 0 169 255
16 29 23 0 169 255
17 29 23 0 169 255
18 29 23 0 169 255
13 30 23 0 169 255
14 30 23 0 169 255
15 30 23 0 169 255
16 30 23 0 169 255
17 30 23 0 169 255
18 30 23 0 169 255
13 31 23 0 169 255
14 31 23 0 169 255
15 31 23 0 169 255
16 31 23 0 169 255
17 31 23 0 169 255
18 31 23 0 169 255
