8 8 7 0 169 255
9 8 7 0 169 255
23 8 7 0 169 255
24 8 7 0 169 255
8 9 7 0 169 255
9 9 7 0 169 255
23 9 7 0 169 255
24 9 7 0 169 255
8 10 7 0 169 255
9 10 7 0 169 255
23 10 7 0 169 255
24 10 7 0 169 255
8 11 7 0 169 255
9 11 7 0 169 255
23 11 7 0 169 255
24 11 7 0 169 255
8 12 7 0 169 255
9 12 7 0 169 255
23 12 7 0 169 255
24 12 7 0 169 255
8 13 7 0 169 255
9 13 7 0 169 255
23 13 7 0 169 255
24 13 7 0 169 255
8 14 7 0 169 255
24 14 7 0 169 255
8 15 7 0 169 255
24 15 7 0 169 255
9 16 7 0 169 255
10 16 7 0 169 255
11 16 7 0 169 255
12 16 7 0 169 255
13 16 7 0 169 255
14 16 7 0 169 255
15 16 7 0 169 255
16 16 7 0 169 255
17 16 7 0 169 255
18 16 7 0 169 255
19 16 7 0 169 255
20 16 7 0 169 255
21 16 7 0 169 255
22 16 7 0 169 255
23 16 7 0 169 255
8 17 7 0 169 255
9 17 7 0 169 255
10 17 7 0 169 255
11 17 7 0 169 255
12 17 7 0 169 255
13 17 7 0 169 255
14 17 7 0 169 255
15 17 7 0 169 255
16 17 7 0 169 255
17 17 7 0 169 255
18 17 7 0 169 255
19 17 7 0 169 255
20 17 7 0 169 255
21 17 7 0 169 255
22 17 7 0 169 255
23 17 7 0 169 255
8 18 7 0 169 255
9 18 7 0 169 255
10 18 7 0 169 255
11 18 7 0 169 255
12 18 7 0 169 255
13 18 7 0 169 255
14 18 7 0 169 255
15 18 7 0 169 255
16 18 7 0 169 255
17 18 7 0 169 255
18 18 7 0 169 255
19 18 7 0 169 255
20 18 7 0 169 255
21 18 7 0 169 255
22 18 7 0 169 255
23 18 7 0 169 255
24 18 7 0 169 255
9 19 7 0 169 255
10 19 7 0 169 255
11 19 7 0 169 255
12 19 7 0 169 255
13 19 7 0 169 255
14 19 7 0 169 255
15 19 7 0 169 255
16 19 7 0 169 255
17 19 7 0 169 255
18 19 7 0 169 255
19 19 7 0 169 255
20 19 7 0 169 255
21 19 7 0 169 255
22 19 7 0 169 255
23 19 7 0 169 255
8 7 8 0 169 255
9 7 8 0 169 255
23 7 8 0 169 255
24 7 8 0 169 255
7 8 8 0 169 255
8 8 8 0 169 255
9 8 8 0 169 255
23 8 8 0 169 255
24 8 8 0 169 255
7 9 8 0 169 255
8 9 8 0 169 255
9 9 8 0 169 255
23 9 8 0 169 255
24 9 8 0 169 255
25 9 8 0 169 255
7 10 8 0 169 255
8 10 8 0 169 255
9 10 8 0 169 255
23 10 8 0 169 255
24 10 8 0 169 255
25 10 8 0 169 255
7 11 8 0 169 255
8 11 8 0 169 255
9 11 8 0 169 255
23 11 8 0 169 255
24 11 8 0 169 255
25 11 8 0 169 255
7 12 8 0 169 255
8 12 8 0 169 255
9 12 8 0 169 255
23 12 8 0 169 255
24 12 8 0 169 255
25 12 8 0 169 255
7 13 8 0 169 255
8 13 8 0 169 255
9 13 8 0 169 255
23 13 8 0 169 255
24 13 8 0 169 255
7 14 8 0 169 255
8 14 8 0 169 255
9 14 8 0 169 255
23 14 8 0 169 255
24 14 8 0 169 255
7 15 8 0 169 255
8 15 8 0 169 255
9 15 8 0 169 255
23 15 8 0 169 255
24 15 8 0 169 255
8 16 8 0 169 255
9 16 8 0 169 255
10 16 8 0 169 255
11 16 8 0 169 255
12 16 8 0 169 255
13 16 8 0 169 255
14 16 8 0 169 255
15 16 8 0 169 255
16 16 8 0 169 255
17 16 8 0 169 255
18 16 8 0 169 255
19 16 8 0 169 255
20 16 8 0 169 255
21 16 8 0 169 255
22 16 8 0 169 255
23 16 8 0 169 255
24 16 8 0 169 255
8 17 8 0 169 255
9 17 8 0 169 255
10 17 8 0 169 255
11 17 8 0 169 255
12 17 8 0 169 255
13 17 8 0 169 255
14 17 8 0 169 255
15 17 8 0 169 255
16 17 8 0 169 255
17 17 8 0 169 255
18 17 8 0 169 255
19 17 8 0 169 255
20 17 8 0 169 255
21 17 8 0 169 255
22 17 8 0 169 255
23 17 8 0 169 255
24 17 8 0 169 255
8 18 8 0 169 255
9 18 8 0 169 255
10 18 8 0 169 255
11 18 8 0 169 255
12 18 8 0 169 255
13 18 8 0 169 255
14 18 8 0 169 255
15 18 8 0 169 255
16 18 8 0 169 255
17 18 8 0 169 255
18 18 8 0 169 255
19 18 8 0 169 255
20 18 8 0 169 255
21 18 8 0 169 255
22 18 8 0 169 255
23 18 8 0 169 255
24 18 8 0 169 255
8 19 8 0 169 255
9 19 8 0 169 255
10 19 8 0 169 255
11 19 8 0 169 255
12 19 8 0 169 255
13 19 8 0 169 255
14 19 8 0 169 255
15 19 8 0 169 255
16 19 8 0 169 255
17 19 8 0 169 255
18 19 8 0 169 255
19 19 8 0 169 255
20 19 8 0 169 255
21 19 8 0 169 255
22 19 8 0 169 255
23 19 8 0 169 255
24 19 8 0 169 255
8 20 8 0 169 255
9 20 8 0 169 255
10 20 8 0 169 255
11 20 8 0 169 255
12 20 8 0 169 255
13 20 8 0 169 255
14 20 8 0 169 255
15 20 8 0 169 255
16 20 8 0 169 255
17 20 8 0 169 255
18 20 8 0 169 255
19 20 8 0 169 255
20 20 8 0 169 255
21 20 8 0 169 255
22 20 8 0 169 255
23 20 8 0 169 255
24 20 8 0 169 255
8 21 8 0 169 255
9 21 8 0 169 255
23 21 8 0 169 255
24 21 8 0 169 255
7 7 9 0 169 255
8 7 9 0 169 255
9 7 9 0 169 255
23 7 9 0 169 255
24 7 9 0 169 255
25 7 9 0 169 255
8 8 9 0 169 255
9 8 9 0 169 255
23 8 9 0 169 255
24 8 9 0 169 255
8 9 9 0 169 255
9 9 9 0 169 255
23 9 9 0 169 255
24 9 9 0 169 255
8 10 9 0 169 255
9 10 9 0 169 255
23 10 9 0 169 255
24 10 9 0 169 255
8 11 9 0 169 255
9 11 9 0 169 255
23 11 9 0 169 255
24 11 9 0 169 255
8 12 9 0 169 255
9 12 9 0 169 255
23 12 9 0 169 255
24 12 9 0 169 255
8 13 9 0 169 255
9 13 9 0 169 255
23 13 9 0 169 255
24 13 9 0 169 255
8 14 9 0 169 255
9 14 9 0 169 255
23 14 9 0 169 255
24 14 9 0 169 255
8 15 9 0 169 255
9 15 9 0 169 255
23 15 9 0 169 255
24 15 9 0 169 255
8 16 9 0 169 255
9 16 9 0 169 255
10 16 9 0 169 255
11 16 9 0 169 255
12 16 9 0 169 255
13 16 9 0 169 255
14 16 9 0 169 255
15 16 9 0 169 255
16 16 9 0 169 255
17 16 9 0 169 255
18 16 9 0 169 255
19 16 9 0 169 255
20 16 9 0 169 255
21 16 9 0 169 255
22 16 9 0 169 255
23 16 9 0 169 255
24 16 9 0 169 255
8 17 9 0 169 255
9 17 9 0 169 255
10 17 9 0 169 255
11 17 9 0 169 255
12 17 9 0 169 255
13 17 9 0 169 255
14 17 9 0 169 255
15 17 9 0 169 255
16 17 9 0 169 255
17 17 9 0 169 255
18 17 9 0 169 255
19 17 9 0 169 255
20 17 9 0 169 255
21 17 9 0 169 255
22 17 9 0 169 255
23 17 9 0 169 255
24 17 9 0 169 255
8 18 9 0 169 255
9 18 9 0 169 255
23 18 9 0 169 255
24 18 9 0 169 255
8 19 9 0 169 255
9 19 9 0 169 255
10 19 9 0 169 255
11 19 9 0 169 255
12 19 9 0 169 255
13 19 9 0 169 255
14 19 9 0 169 255
15 19 9 0 169 255
16 19 9 0 169 255
17 19 9 0 169 255
18 19 9 0 169 255
19 19 9 0 169 255
20 19 9 0 169 255
21 19 9 0 169 255
22 19 9 0 169 255
23 19 9 0 169 255
24 19 9 0 169 255
8 20 9 0 169 255
9 20 9 0 169 255
10 20 9 0 169 255
11 20 9 0 169 255
12 20 9 0 169 255
13 20 9 0 169 255
14 20 9 0 169 255
15 20 9 0 169 255
16 20 9 0 169 255
17 20 9 0 169 255
18 20 9 0 169 255
19 20 9 0 169 255
20 20 9 0 169 255
21 20 9 0 169 255
22 20 9 0 169 255
23 20 9 0 169 255
24 20 9 0 169 255
7 21 9 0 169 255
8 21 9 0 169 255
9 21 9 0 169 255
23 21 9 0 169 255
24 21 9 0 169 255
8 22 9 0 169 255
9 22 9 0 169 255
23 22 9 0 169 255
24 22 9 0 169 255
8 7 10 0 169 255
9 7 10 0 169 255
23 7 10 0 169 255
24 7 10 0 169 255
8 8 10 0 169 255
9 8 10 0 169 255
23 8 10 0 169 255
24 8 10 0 169 255
9 16 10 0 169 255
10 16 10 0 169 255
11 16 10 0 169 255
12 16 10 0 169 255
13 16 10 0 169 255
14 16 10 0 169 255
15 16 10 0 169 255
16 16 10 0 169 255
17 16 10 0 169 255
18 16 10 0 169 255
19 16 10 0 169 255
20 16 10 0 169 255
21 16 10 0 169 255
22 16 10 0 169 255
23 16 10 0 169 255
8 17 10 0 169 255
9 17 10 0 169 255
10 17 10 0 169 255
11 17 10 0 169 255
12 17 10 0 169 255
13 17 10 0 169 255
14 17 10 0 169 255
15 17 10 0 169 255
16 17 10 0 169 255
17 17 10 0 169 255
18 17 10 0 169 255
19 17 10 0 169 255
20 17 10 0 169 255
21 17 10 0 169 255
22 17 10 0 169 255
23 17 10 0 169 255
24 17 10 0 169 255
8 18 10 0 169 255
9 18 10 0 169 255
23 18 10 0 169 255
24 18 10 0 169 255
8 19 10 0 169 255
9 19 10 0 169 255
10 19 10 0 169 255
11 19 10 0 169 255
12 19 10 0 169 255
13 19 10 0 169 255
14 19 10 0 169 255
15 19 10 0 169 255
16 19 10 0 169 255
17 19 10 0 169 255
18 19 10 0 169 255
19 19 10 0 169 255
20 19 10 0 169 255
21 19 10 0 169 255
22 19 10 0 169 255
23 19 10 0 169 255
24 19 10 0 169 255
8 20 10 0 169 255
9 20 10 0 169 255
10 20 10 0 169 255
11 20 10 0 169 255
12 20 10 0 169 255
13 20 10 0 169 255
14 20 10 0 169 255
15 20 10 0 169 255
16 20 10 0 169 255
17 20 10 0 169 255
18 20 10 0 169 255
19 20 10 0 169 255
20 20 10 0 169 255
21 20 10 0 169 255
22 20 10 0 169 255
23 20 10 0 169 255
24 20 10 0 169 255
8 21 10 0 169 255
9 21 10 0 169 255
23 21 10 0 169 255
24 21 10 0 169 255
7 22 10 0 169 255
8 22 10 0 169 255
9 22 10 0 169 255
23 22 10 0 169 255
24 22 10 0 169 255
8 23 10 0 169 255
9 23 10 0 169 255
23 23 10 0 169 255
24 23 10 0 169 255
8 7 11 0 169 255
9 7 11 0 169 255
23 7 11 0 169 255
24 7 11 0 169 255
8 8 11 0 169 255
9 8 11 0 169 255
23 8 11 0 169 255
24 8 11 0 169 255
9 16 11 0 169 255
10 16 11 0 169 255
11 16 11 0 169 255
12 16 11 0 169 255
13 16 11 0 169 255
14 16 11 0 169 255
15 16 11 0 169 255
16 16 11 0 169 255
17 16 11 0 169 255
18 16 11 0 169 255
19 16 11 0 169 255
20 16 11 0 169 255
21 16 11 0 169 255
22 16 11 0 169 255
23 16 11 0 169 255
8 17 11 0 169 255
9 17 11 0 169 255
10 17 11 0 169 255
11 17 11 0 169 255
12 17 11 0 169 255
13 17 11 0 169 255
14 17 11 0 169 255
15 17 11 0 169 255
16 17 11 0 169 255
17 17 11 0 169 255
18 17 11 0 169 255
19 17 11 0 169 255
20 17 11 0 169 255
21 17 11 0 169 255
22 17 11 0 169 255
23 17 11 0 169 255
24 17 11 0 169 255
8 18 11 0 169 255
9 18 11 0 169 255
23 18 11 0 169 255
24 18 11 0 169 255
9 19 11 0 169 255
10 19 11 0 169 255
11 19 11 0 169 255
12 19 11 0 169 255
13 19 11 0 169 255
14 19 11 0 169 255
15 19 11 0 169 255
16 19 11 0 169 255
17 19 11 0 169 255
18 19 11 0 169 255
19 19 11 0 169 255
20 19 11 0 169 255
21 19 11 0 169 255
22 19 11 0 169 255
23 19 11 0 169 255
9 20 11 0 169 255
10 20 11 0 169 255
11 20 11 0 169 255
12 20 11 0 169 255
13 20 11 0 169 255
14 20 11 0 169 255
15 20 11 0 169 255
16 20 11 0 169 255
17 20 11 0 169 255
18 20 11 0 169 255
19 20 11 0 169 255
20 20 11 0 169 255
21 20 11 0 169 255
22 20 11 0 169 255
23 20 11 0 169 255
8 22 11 0 169 255
9 22 11 0 169 255
23 22 11 0 169 255
24 22 11 0 169 255
8 23 11 0 169 255
9 23 11 0 169 255
23 23 11 0 169 255
24 23 11 0 169 255
8 24 11 0 169 255
9 24 11 0 169 255
23 24 11 0 169 255
24 24 11 0 169 255
8 7 12 0 169 255
9 7 12 0 169 255
23 7 12 0 169 255
24 7 12 0 169 255
8 8 12 0 169 255
9 8 12 0 169 255
23 8 12 0 169 255
24 8 12 0 169 255
9 16 12 0 169 255
10 16 12 0 169 255
11 16 12 0 169 255
12 16 12 0 169 255
13 16 12 0 169 255
14 16 12 0 169 255
15 16 12 0 169 255
16 16 12 0 169 255
17 16 12 0 169 255
18 16 12 0 169 255
19 16 12 0 169 255
20 16 12 0 169 255
21 16 12 0 169 255
22 16 12 0 169 255
23 16 12 0 169 255
8 17 12 0 169 255
9 17 12 0 169 255
10 17 12 0 169 255
11 17 12 0 169 255
12 17 12 0 169 255
13 17 12 0 169 255
14 17 12 0 169 255
15 17 12 0 169 255
16 17 12 0 169 255
17 17 12 0 169 255
18 17 12 0 169 255
19 17 12 0 169 255
20 17 12 0 169 255
21 17 12 0 169 255
22 17 12 0 169 255
23 17 12 0 169 255
24 17 12 0 169 255
8 18 12 0 169 255
9 18 12 0 169 255
23 18 12 0 169 255
24 18 12 0 169 255
9 19 12 0 169 255
10 19 12 0 169 255
11 19 12 0 169 255
12 19 12 0 169 255
13 19 12 0 169 255
14 19 12 0 169 255
15 19 12 0 169 255
16 19 12 0 169 255
17 19 12 0 169 255
18 19 12 0 169 255
19 19 12 0 169 255
20 19 12 0 169 255
21 19 12 0 169 255
22 19 12 0 169 255
23 19 12 0 169 255
10 20 12 0 169 255
11 20 12 0 169 255
12 20 12 0 169 255
13 20 12 0 169 255
14 20 12 0 169 255
15 20 12 0 169 255
16 20 12 0 169 255
17 20 12 0 169 255
18 20 12 0 169 255
19 20 12 0 169 255
20 20 12 0 169 255
21 20 12 0 169 255
22 20 12 0 169 255
8 22 12 0 169 255
9 22 12 0 169 255
23 22 12 0 169 255
24 22 12 0 169 255
8 23 12 0 169 255
9 23 12 0 169 255
23 23 12 0 169 255
24 23 12 0 169 255
8 24 12 0 169 255
9 24 12 0 169 255
23 24 12 0 169 255
24 24 12 0 169 255
8 7 13 0 169 255
9 7 13 0 169 255
23 7 13 0 169 255
24 7 13 0 169 255
8 8 13 0 169 255
9 8 13 0 169 255
23 8 13 0 169 255
24 8 13 0 169 255
9 16 13 0 169 255
10 16 13 0 169 255
11 16 13 0 169 255
12 16 13 0 169 255
13 16 13 0 169 255
14 16 13 0 169 255
15 16 13 0 169 255
16 16 13 0 169 255
17 16 13 0 169 255
18 16 13 0 169 255
19 16 13 0 169 255
20 16 13 0 169 255
21 16 13 0 169 255
22 16 13 0 169 255
23 16 13 0 169 255
8 17 13 0 169 255
9 17 13 0 169 255
10 17 13 0 169 255
11 17 13 0 169 255
12 17 13 0 169 255
13 17 13 0 169 255
14 17 13 0 169 255
15 17 13 0 169 255
16 17 13 0 169 255
17 17 13 0 169 255
18 17 13 0 169 255
19 17 13 0 169 255
20 17 13 0 169 255
21 17 13 0 169 255
22 17 13 0 169 255
23 17 13 0 169 255
24 17 13 0 169 255
8 18 13 0 169 255
9 18 13 0 169 255
23 18 13 0 169 255
24 18 13 0 169 255
9 19 13 0 169 255
10 19 13 0 169 255
11 19 13 0 169 255
12 19 13 0 169 255
13 19 13 0 169 255
14 19 13 0 169 255
15 19 13 0 169 255
16 19 13 0 169 255
17 19 13 0 169 255
18 19 13 0 169 255
19 19 13 0 169 255
20 19 13 0 169 255
21 19 13 0 169 255
22 19 13 0 169 255
23 19 13 0 169 255
10 20 13 0 169 255
11 20 13 0 169 255
12 20 13 0 169 255
13 20 13 0 169 255
14 20 13 0 169 255
15 20 13 0 169 255
16 20 13 0 169 255
17 20 13 0 169 255
18 20 13 0 169 255
19 20 13 0 169 255
20 20 13 0 169 255
21 20 13 0 169 255
22 20 13 0 169 255
8 23 13 0 169 255
9 23 13 0 169 255
23 23 13 0 169 255
24 23 13 0 169 255
8 24 13 0 169 255
9 24 13 0 169 255
23 24 13 0 169 255
24 24 13 0 169 255
8 7 14 0 169 255
9 7 14 0 169 255
23 7 14 0 169 255
24 7 14 0 169 255
8 8 14 0 169 255
9 8 14 0 169 255
23 8 14 0 169 255
24 8 14 0 169 255
9 16 14 0 169 255
10 16 14 0 169 255
11 16 14 0 169 255
12 16 14 0 169 255
13 16 14 0 169 255
14 16 14 0 169 255
15 16 14 0 169 255
16 16 14 0 169 255
17 16 14 0 169 255
18 16 14 0 169 255
19 16 14 0 169 255
20 16 14 0 169 255
21 16 14 0 169 255
22 16 14 0 169 255
23 16 14 0 169 255
8 17 14 0 169 255
9 17 14 0 169 255
10 17 14 0 169 255
11 17 14 0 169 255
12 17 14 0 169 255
13 17 14 0 169 255
14 17 14 0 169 255
15 17 14 0 169 255
16 17 14 0 169 255
17 17 14 0 169 255
18 17 14 0 169 255
19 17 14 0 169 255
20 17 14 0 169 255
21 17 14 0 169 255
22 17 14 0 169 255
23 17 14 0 169 255
24 17 14 0 169 255
8 18 14 0 169 255
9 18 14 0 169 255
10 18 14 0 169 255
11 18 14 0 169 255
12 18 14 0 169 255
13 18 14 0 169 255
14 18 14 0 169 255
15 18 14 0 169 255
16 18 14 0 169 255
17 18 14 0 169 255
18 18 14 0 169 255
19 18 14 0 169 255
20 18 14 0 169 255
21 18 14 0 169 255
22 18 14 0 169 255
23 18 14 0 169 255
24 18 14 0 169 255
9 19 14 0 169 255
10 19 14 0 169 255
11 19 14 0 169 255
12 19 14 0 169 255
13 19 14 0 169 255
14 19 14 0 169 255
15 19 14 0 169 255
16 19 14 0 169 255
17 19 14 0 169 255
18 19 14 0 169 255
19 19 14 0 169 255
20 19 14 0 169 255
21 19 14 0 169 255
22 19 14 0 169 255
23 19 14 0 169 255
19 20 14 0 169 255
20 20 14 0 169 255
21 20 14 0 169 255
22 20 14 0 169 255
8 22 14 0 169 255
9 22 14 0 169 255
23 22 14 0 169 255
24 22 14 0 169 255
7 23 14 0 169 255
8 23 14 0 169 255
9 23 14 0 169 255
23 23 14 0 169 255
24 23 14 0 169 255
8 24 14 0 169 255
9 24 14 0 169 255
23 24 14 0 169 255
24 24 14 0 169 255
8 7 15 0 169 255
9 7 15 0 169 255
23 7 15 0 169 255
24 7 15 0 169 255
8 8 15 0 169 255
9 8 15 0 169 255
23 8 15 0 169 255
24 8 15 0 169 255
9 16 15 0 169 255
10 16 15 0 169 255
11 16 15 0 169 255
12 16 15 0 169 255
13 16 15 0 169 255
14 16 15 0 169 255
15 16 15 0 169 255
16 16 15 0 169 255
17 16 15 0 169 255
18 16 15 0 169 255
19 16 15 0 169 255
20 16 15 0 169 255
21 16 15 0 169 255
22 16 15 0 169 255
23 16 15 0 169 255
8 17 15 0 169 255
9 17 15 0 169 255
10 17 15 0 169 255
11 17 15 0 169 255
12 17 15 0 169 255
13 17 15 0 169 255
14 17 15 0 169 255
15 17 15 0 169 255
16 17 15 0 169 255
17 17 15 0 169 255
18 17 15 0 169 255
19 17 15 0 169 255
20 17 15 0 169 255
21 17 15 0 169 255
22 17 15 0 169 255
23 17 15 0 169 255
24 17 15 0 169 255
8 18 15 0 169 255
9 18 15 0 169 255
10 18 15 0 169 255
11 18 15 0 169 255
12 18 15 0 169 255
13 18 15 0 169 255
14 18 15 0 169 255
15 18 15 0 169 255
16 18 15 0 169 255
17 18 15 0 169 255
18 18 15 0 169 255
19 18 15 0 169 255
20 18 15 0 169 255
21 18 15 0 169 255
22 18 15 0 169 255
23 18 15 0 169 255
24 18 15 0 169 255
9 19 15 0 169 255
10 19 15 0 169 255
11 19 15 0 169 255
12 19 15 0 169 255
13 19 15 0 169 255
14 19 15 0 169 255
15 19 15 0 169 255
16 19 15 0 169 255
17 19 15 0 169 255
18 19 15 0 169 255
19 19 15 0 169 255
20 19 15 0 169 255
21 19 15 0 169 255
22 19 15 0 169 255
23 19 15 0 169 255
8 22 15 0 169 255
9 22 15 0 169 255
23 22 15 0 169 255
24 22 15 0 169 255
7 23 15 0 169 255
8 23 15 0 169 255
9 23 15 0 169 255
23 23 15 0 169 255
24 23 15 0 169 255
25 23 15 0 169 255
8 24 15 0 169 255
9 24 15 0 169 255
23 24 15 0 169 255
24 24 15 0 169 255
8 7 16 0 169 255
9 7 16 0 169 255
23 7 16 0 169 255
24 7 16 0 169 255
8 8 16 0 169 255
9 8 16 0 169 255
23 8 16 0 169 255
24 8 16 0 169 255
9 16 16 0 169 255
10 16 16 0 169 255
11 16 16 0 169 255
12 16 16 0 169 255
13 16 16 0 169 255
14 16 16 0 169 255
15 16 16 0 169 255
16 16 16 0 169 255
17 16 16 0 169 255
18 16 16 0 169 255
19 16 16 0 169 255
20 16 16 0 169 255
21 16 16 0 169 255
22 16 16 0 169 255
23 16 16 0 169 255
8 17 16 0 169 255
9 17 16 0 169 255
10 17 16 0 169 255
11 17 16 0 169 255
12 17 16 0 169 255
13 17 16 0 169 255
14 17 16 0 169 255
15 17 16 0 169 255
16 17 16 0 169 255
17 17 16 0 169 255
18 17 16 0 169 255
19 17 16 0 169 255
20 17 16 0 169 255
21 17 16 0 169 255
22 17 16 0 169 255
23 17 16 0 169 255
8 18 16 0 169 255
9 18 16 0 169 255
10 18 16 0 169 255
11 18 16 0 169 255
12 18 16 0 169 255
13 18 16 0 169 255
14 18 16 0 169 255
15 18 16 0 169 255
16 18 16 0 169 255
17 18 16 0 169 255
18 18 16 0 169 255
19 18 16 0 169 255
20 18 16 0 169 255
21 18 16 0 169 255
22 18 16 0 169 255
23 18 16 0 169 255
24 18 16 0 169 255
9 19 16 0 169 255
10 19 16 0 169 255
11 19 16 0 169 255
12 19 16 0 169 255
13 19 16 0 169 255
14 19 16 0 169 255
15 19 16 0 169 255
16 19 16 0 169 255
17 19 16 0 169 255
18 19 16 0 169 255
19 19 16 0 169 255
20 19 16 0 169 255
21 19 16 0 169 255
22 19 16 0 169 255
23 19 16 0 169 255
8 22 16 0 169 255
9 22 16 0 169 255
23 22 16 0 169 255
24 22 16 0 169 255
7 23 16 0 169 255
8 23 16 0 169 255
9 23 16 0 169 255
23 23 16 0 169 255
24 23 16 0 169 255
25 23 16 0 169 255
8 24 16 0 169 255
9 24 16 0 169 255
23 24 16 0 169 255
24 24 16 0 169 255
8 7 17 0 169 255
9 7 17 0 169 255
23 7 17 0 169 255
24 7 17 0 169 255
8 8 17 0 169 255
9 8 17 0 169 255
23 8 17 0 169 255
24 8 17 0 169 255
10 15 17 0 169 255
11 15 17 0 169 255
12 15 17 0 169 255
13 15 17 0 169 255
14 15 17 0 169 255
15 15 17 0 169 255
16 15 17 0 169 255
17 15 17 0 169 255
18 15 17 0 169 255
19 15 17 0 169 255
20 15 17 0 169 255
21 15 17 0 169 255
22 15 17 0 169 255
9 16 17 0 169 255
10 16 17 0 169 255
11 16 17 0 169 255
12 16 17 0 169 255
13 16 17 0 169 255
14 16 17 0 169 255
15 16 17 0 169 255
16 16 17 0 169 255
17 16 17 0 169 255
18 16 17 0 169 255
19 16 17 0 169 255
20 16 17 0 169 255
21 16 17 0 169 255
22 16 17 0 169 255
23 16 17 0 169 255
9 17 17 0 169 255
10 17 17 0 169 255
22 17 17 0 169 255
23 17 17 0 169 255
9 18 17 0 169 255
10 18 17 0 169 255
11 18 17 0 169 255
12 18 17 0 169 255
13 18 17 0 169 255
14 18 17 0 169 255
15 18 17 0 169 255
16 18 17 0 169 255
17 18 17 0 169 255
18 18 17 0 169 255
19 18 17 0 169 255
20 18 17 0 169 255
21 18 17 0 169 255
22 18 17 0 169 255
23 18 17 0 169 255
9 19 17 0 169 255
10 19 17 0 169 255
11 19 17 0 169 255
12 19 17 0 169 255
13 19 17 0 169 255
14 19 17 0 169 255
15 19 17 0 169 255
16 19 17 0 169 255
17 19 17 0 169 255
18 19 17 0 169 255
19 19 17 0 169 255
20 19 17 0 169 255
21 19 17 0 169 255
22 19 17 0 169 255
23 19 17 0 169 255
8 22 17 0 169 255
9 22 17 0 169 255
23 22 17 0 169 255
24 22 17 0 169 255
7 23 17 0 169 255
8 23 17 0 169 255
9 23 17 0 169 255
23 23 17 0 169 255
24 23 17 0 169 255
25 23 17 0 169 255
8 24 17 0 169 255
9 24 17 0 169 255
23 24 17 0 169 255
24 24 17 0 169 255
8 7 18 0 169 255
9 7 18 0 169 255
23 7 18 0 169 255
24 7 18 0 169 255
8 8 18 0 169 255
9 8 18 0 169 255
23 8 18 0 169 255
24 8 18 0 169 255
10 15 18 0 169 255
11 15 18 0 169 255
12 15 18 0 169 255
13 15 18 0 169 255
14 15 18 0 169 255
15 15 18 0 169 255
16 15 18 0 169 255
17 15 18 0 169 255
18 15 18 0 169 255
19 15 18 0 169 255
20 15 18 0 169 255
21 15 18 0 169 255
22 15 18 0 169 255
9 16 18 0 169 255
10 16 18 0 169 255
11 16 18 0 169 255
12 16 18 0 169 255
13 16 18 0 169 255
14 16 18 0 169 255
15 16 18 0 169 255
16 16 18 0 169 255
17 16 18 0 169 255
18 16 18 0 169 255
19 16 18 0 169 255
20 16 18 0 169 255
21 16 18 0 169 255
22 16 18 0 169 255
23 16 18 0 169 255
9 17 18 0 169 255
10 17 18 0 169 255
22 17 18 0 169 255
23 17 18 0 169 255
9 18 18 0 169 255
10 18 18 0 169 255
11 18 18 0 169 255
12 18 18 0 169 255
13 18 18 0 169 255
14 18 18 0 169 255
15 18 18 0 169 255
16 18 18 0 169 255
17 18 18 0 169 255
18 18 18 0 169 255
19 18 18 0 169 255
20 18 18 0 169 255
21 18 18 0 169 255
22 18 18 0 169 255
23 18 18 0 169 255
9 19 18 0 169 255
10 19 18 0 169 255
11 19 18 0 169 255
12 19 18 0 169 255
13 19 18 0 169 255
14 19 18 0 169 255
15 19 18 0 169 255
16 19 18 0 169 255
17 19 18 0 169 255
18 19 18 0 169 255
19 19 18 0 169 255
20 19 18 0 169 255
21 19 18 0 169 255
22 19 18 0 169 255
23 19 18 0 169 255
8 22 18 0 169 255
9 22 18 0 169 255
23 22 18 0 169 255
24 22 18 0 169 255
7 23 18 0 169 255
8 23 18 0 169 255
9 23 18 0 169 255
23 23 18 0 169 255
24 23 18 0 169 255
25 23 18 0 169 255
8 24 18 0 169 255
9 24 18 0 169 255
23 24 18 0 169 255
24 24 18 0 169 255
8 7 19 0 169 255
9 7 19 0 169 255
23 7 19 0 169 255
24 7 19 0 169 255
8 8 19 0 169 255
9 8 19 0 169 255
23 8 19 0 169 255
24 8 19 0 169 255
10 15 19 0 169 255
11 15 19 0 169 255
12 15 19 0 169 255
13 15 19 0 169 255
14 15 19 0 169 255
15 15 19 0 169 255
16 15 19 0 169 255
17 15 19 0 169 255
18 15 19 0 169 255
19 15 19 0 169 255
20 15 19 0 169 255
21 15 19 0 169 255
22 15 19 0 169 255
9 16 19 0 169 255
10 16 19 0 169 255
11 16 19 0 169 255
12 16 19 0 169 255
13 16 19 0 169 255
14 16 19 0 169 255
15 16 19 0 169 255
16 16 19 0 169 255
17 16 19 0 169 255
18 16 19 0 169 255
19 16 19 0 169 255
20 16 19 0 169 255
21 16 19 0 169 255
22 16 19 0 169 255
23 16 19 0 169 255
9 17 19 0 169 255
10 17 19 0 169 255
11 17 19 0 169 255
12 17 19 0 169 255
13 17 19 0 169 255
14 17 19 0 169 255
15 17 19 0 169 255
16 17 19 0 169 255
17 17 19 0 169 255
18 17 19 0 169 255
19 17 19 0 169 255
20 17 19 0 169 255
21 17 19 0 169 255
22 17 19 0 169 255
23 17 19 0 169 255
9 18 19 0 169 255
10 18 19 0 169 255
11 18 19 0 169 255
12 18 19 0 169 255
13 18 19 0 169 255
14 18 19 0 169 255
15 18 19 0 169 255
16 18 19 0 169 255
17 18 19 0 169 255
18 18 19 0 169 255
19 18 19 0 169 255
20 18 19 0 169 255
21 18 19 0 169 255
22 18 19 0 169 255
23 18 19 0 169 255
9 19 19 0 169 255
10 19 19 0 169 255
11 19 19 0 169 255
12 19 19 0 169 255
13 19 19 0 169 255
14 19 19 0 169 255
15 19 19 0 169 255
16 19 19 0 169 255
17 19 19 0 169 255
18 19 19 0 169 255
19 19 19 0 169 255
20 19 19 0 169 255
21 19 19 0 169 255
22 19 19 0 169 255
23 19 19 0 169 255
9 20 19 0 169 255
10 20 19 0 169 255
11 20 19 0 169 255
12 20 19 0 169 255
13 20 19 0 169 255
14 20 19 0 169 255
15 20 19 0 169 255
16 20 19 0 169 255
17 20 19 0 169 255
18 20 19 0 169 255
19 20 19 0 169 255
20 20 19 0 169 255
21 20 19 0 169 255
22 20 19 0 169 255
23 20 19 0 169 255
10 21 19 0 169 255
11 21 19 0 169 255
12 21 19 0 169 255
13 21 19 0 169 255
14 21 19 0 169 255
15 21 19 0 169 255
16 21 19 0 169 255
17 21 19 0 169 255
18 21 19 0 169 255
19 21 19 0 169 255
20 21 19 0 169 255
21 21 19 0 169 255
22 21 19 0 169 255
8 22 19 0 169 255
9 22 19 0 169 255
10 22 19 0 169 255
11 22 19 0 169 255
12 22 19 0 169 255
13 22 19 0 169 255
14 22 19 0 169 255
15 22 19 0 169 255
16 22 19 0 169 255
17 22 19 0 169 255
18 22 19 0 169 255
19 22 19 0 169 255
20 22 19 0 169 255
21 22 19 0 169 255
22 22 19 0 169 255
23 22 19 0 169 255
24 22 19 0 169 255
7 23 19 0 169 255
8 23 19 0 169 255
9 23 19 0 169 255
10 23 19 0 169 255
11 23 19 0 169 255
12 23 19 0 169 255
13 23 19 0 169 255
14 23 19 0 169 255
15 23 19 0 169 255
16 23 19 0 169 255
17 23 19 0 169 255
18 23 19 0 169 255
19 23 19 0 169 255
20 23 19 0 169 255
21 23 19 0 169 255
22 23 19 0 169 255
23 23 19 0 169 255
24 23 19 0 169 255
25 23 19 0 169 255
8 24 19 0 169 255
9 24 19 0 169 255
23 24 19 0 169 255
24 24 19 0 169 255
8 7 20 0 169 255
9 7 20 0 169 255
23 7 20 0 169 255
24 7 20 0 169 255
8 8 20 0 169 255
9 8 20 0 169 255
23 8 20 0 169 255
24 8 20 0 169 255
10 15 20 0 169 255
11 15 20 0 169 255
12 15 20 0 169 255
13 15 20 0 169 255
14 15 20 0 169 255
15 15 20 0 169 255
16 15 20 0 169 255
17 15 20 0 169 255
18 15 20 0 169 255
19 15 20 0 169 255
20 15 20 0 169 255
21 15 20 0 169 255
22 15 20 0 169 255
9 16 20 0 169 255
10 16 20 0 169 255
11 16 20 0 169 255
12 16 20 0 169 255
13 16 20 0 169 255
14 16 20 0 169 255
15 16 20 0 169 255
16 16 20 0 169 255
17 16 20 0 169 255
18 16 20 0 169 255
19 16 20 0 169 255
20 16 20 0 169 255
21 16 20 0 169 255
22 16 20 0 169 255
23 16 20 0 169 255
9 17 20 0 169 255
10 17 20 0 169 255
11 17 20 0 169 255
12 17 20 0 169 255
13 17 20 0 169 255
14 17 20 0 169 255
15 17 20 0 169 255
16 17 20 0 169 255
17 17 20 0 169 255
18 17 20 0 169 255
19 17 20 0 169 255
20 17 20 0 169 255
21 17 20 0 169 255
22 17 20 0 169 255
23 17 20 0 169 255
9 18 20 0 169 255
10 18 20 0 169 255
11 18 20 0 169 255
12 18 20 0 169 255
13 18 20 0 169 255
14 18 20 0 169 255
15 18 20 0 169 255
16 18 20 0 169 255
17 18 20 0 169 255
18 18 20 0 169 255
19 18 20 0 169 255
20 18 20 0 169 255
21 18 20 0 169 255
22 18 20 0 169 255
23 18 20 0 169 255
9 19 20 0 169 255
10 19 20 0 169 255
11 19 20 0 169 255
12 19 20 0 169 255
13 19 20 0 169 255
14 19 20 0 169 255
15 19 20 0 169 255
16 19 20 0 169 255
17 19 20 0 169 255
18 19 20 0 169 255
19 19 20 0 169 255
20 19 20 0 169 255
21 19 20 0 169 255
22 19 20 0 169 255
23 19 20 0 169 255
9 20 20 0 169 255
10 20 20 0 169 255
11 20 20 0 169 255
12 20 20 0 169 255
13 20 20 0 169 255
14 20 20 0 169 255
15 20 20 0 169 255
16 20 20 0 169 255
17 20 20 0 169 255
18 20 20 0 169 255
19 20 20 0 169 255
20 20 20 0 169 255
21 20 20 0 169 255
22 20 20 0 169 255
23 20 20 0 169 255
9 21 20 0 169 255
10 21 20 0 169 255
11 21 20 0 169 255
12 21 20 0 169 255
13 21 20 0 169 255
14 21 20 0 169 255
15 21 20 0 169 255
16 21 20 0 169 255
17 21 20 0 169 255
18 21 20 0 169 255
19 21 20 0 169 255
20 21 20 0 169 255
21 21 20 0 169 255
22 21 20 0 169 255
23 21 20 0 169 255
8 22 20 0 169 255
9 22 20 0 169 255
10 22 20 0 169 255
11 22 20 0 169 255
12 22 20 0 169 255
13 22 20 0 169 255
14 22 20 0 169 255
15 22 20 0 169 255
16 22 20 0 169 255
17 22 20 0 169 255
18 22 20 0 169 255
19 22 20 0 169 255
20 22 20 0 169 255
21 22 20 0 169 255
22 22 20 0 169 255
23 22 20 0 169 255
24 22 20 0 169 255
7 23 20 0 169 255
8 23 20 0 169 255
9 23 20 0 169 255
10 23 20 0 169 255
11 23 20 0 169 255
12 23 20 0 169 255
13 23 20 0 169 255
14 23 20 0 169 255
15 23 20 0 169 255
16 23 20 0 169 255
17 23 20 0 169 255
18 23 20 0 169 255
19 23 20 0 169 255
20 23 20 0 169 255
21 23 20 0 169 255
22 23 20 0 169 255
23 23 20 0 169 255
24 23 20 0 169 255
25 23 20 0 169 255
8 24 20 0 169 255
9 24 20 0 169 255
10 24 20 0 169 255
11 24 20 0 169 255
12 24 20 0 169 255
13 24 20 0 169 255
14 24 20 0 169 255
15 24 20 0 169 255
16 24 20 0 169 255
17 24 20 0 169 255
18 24 20 0 169 255
19 24 20 0 169 255
20 24 20 0 169 255
21 24 20 0 169 255
22 24 20 0 169 255
23 24 20 0 169 255
24 24 20 0 169 255
10 25 20 0 169 255
11 25 20 0 169 255
12 25 20 0 169 255
13 25 20 0 169 255
14 25 20 0 169 255
15 25 20 0 169 255
16 25 20 0 169 255
17 25 20 0 169 255
18 25 20 0 169 255
19 25 20 0 169 255
20 25 20 0 169 255
21 25 20 0 169 255
22 25 20 0 169 255
10 26 20 0 169 255
11 26 20 0 169 255
12 26 20 0 169 255
13 26 20 0 169 255
14 26 20 0 169 255
15 26 20 0 169 255
16 26 20 0 169 255
17 26 20 0 169 255
18 26 20 0 169 255
19 26 20 0 169 255
20 26 20 0 169 255
21 26 20 0 169 255
22 26 20 0 169 255
8 7 21 0 169 255
9 7 21 0 169 255
23 7 21 0 169 255
24 7 21 0 169 255
8 8 21 0 169 255
9 8 21 0 169 255
23 8 21 0 169 255
24 8 21 0 169 255
9 16 21 0 169 255
10 16 21 0 169 255
11 16 21 0 169 255
12 16 21 0 169 255
13 16 21 0 169 255
14 16 21 0 169 255
15 16 21 0 169 255
16 16 21 0 169 255
17 16 21 0 169 255
18 16 21 0 169 255
19 16 21 0 169 255
20 16 21 0 169 255
21 16 21 0 169 255
22 16 21 0 169 255
23 16 21 0 169 255
9 17 21 0 169 255
10 17 21 0 169 255
11 17 21 0 169 255
12 17 21 0 169 255
13 17 21 0 169 255
14 17 21 0 169 255
15 17 21 0 169 255
16 17 21 0 169 255
17 17 21 0 169 255
18 17 21 0 169 255
19 17 21 0 169 255
20 17 21 0 169 255
21 17 21 0 169 255
22 17 21 0 169 255
23 17 21 0 169 255
9 18 21 0 169 255
10 18 21 0 169 255
11 18 21 0 169 255
12 18 21 0 169 255
13 18 21 0 169 255
14 18 21 0 169 255
15 18 21 0 169 255
16 18 21 0 169 255
17 18 21 0 169 255
18 18 21 0 169 255
19 18 21 0 169 255
20 18 21 0 169 255
21 18 21 0 169 255
22 18 21 0 169 255
23 18 21 0 169 255
9 19 21 0 169 255
10 19 21 0 169 255
11 19 21 0 169 255
12 19 21 0 169 255
13 19 21 0 169 255
14 19 21 0 169 255
15 19 21 0 169 255
16 19 21 0 169 255
17 19 21 0 169 255
18 19 21 0 169 255
19 19 21 0 169 255
20 19 21 0 169 255
21 19 21 0 169 255
22 19 21 0 169 255
23 19 21 0 169 255
9 20 21 0 169 255
10 20 21 0 169 255
11 20 21 0 169 255
12 20 21 0 169 255
13 20 21 0 169 255
14 20 21 0 169 255
15 20 21 0 169 255
16 20 21 0 169 255
17 20 21 0 169 255
18 20 21 0 169 255
19 20 21 0 169 255
20 20 21 0 169 255
21 20 21 0 169 255
22 20 21 0 169 255
23 20 21 0 169 255
9 21 21 0 169 255
10 21 21 0 169 255
11 21 21 0 169 255
12 21 21 0 169 255
13 21 21 0 169 255
14 21 21 0 169 255
15 21 21 0 169 255
16 21 21 0 169 255
17 21 21 0 169 255
18 21 21 0 169 255
19 21 21 0 169 255
20 21 21 0 169 255
21 21 21 0 169 255
22 21 21 0 169 255
23 21 21 0 169 255
8 22 21 0 169 255
9 22 21 0 169 255
10 22 21 0 169 255
11 22 21 0 169 255
12 22 21 0 169 255
13 22 21 0 169 255
14 22 21 0 169 255
15 22 21 0 169 255
16 22 21 0 169 255
17 22 21 0 169 255
18 22 21 0 169 255
19 22 21 0 169 255
20 22 21 0 169 255
21 22 21 0 169 255
22 22 21 0 169 255
23 22 21 0 169 255
24 22 21 0 169 255
7 23 21 0 169 255
8 23 21 0 169 255
9 23 21 0 169 255
10 23 21 0 169 255
22 23 21 0 169 255
23 23 21 0 169 255
24 23 21 0 169 255
8 24 21 0 169 255
9 24 21 0 169 255
10 24 21 0 169 255
11 24 21 0 169 255
12 24 21 0 169 255
13 24 21 0 169 255
14 24 21 0 169 255
15 24 21 0 169 255
16 24 21 0 169 255
17 24 21 0 169 255
18 24 21 0 169 255
19 24 21 0 169 255
20 24 21 0 169 255
21 24 21 0 169 255
22 24 21 0 169 255
23 24 21 0 169 255
24 24 21 0 169 255
9 25 21 0 169 255
10 25 21 0 169 255
11 25 21 0 169 255
12 25 21 0 169 255
13 25 21 0 169 255
14 25 21 0 169 255
15 25 21 0 169 255
16 25 21 0 169 255
17 25 21 0 169 255
18 25 21 0 169 255
19 25 21 0 169 255
20 25 21 0 169 255
21 25 21 0 169 255
22 25 21 0 169 255
23 25 21 0 169 255
9 26 21 0 169 255
10 26 21 0 169 255
11 26 21 0 169 255
12 26 21 0 169 255
13 26 21 0 169 255
14 26 21 0 169 255
15 26 21 0 169 255
16 26 21 0 169 255
17 26 21 0 169 255
18 26 21 0 169 255
19 26 21 0 169 255
20 26 21 0 169 255
21 26 21 0 169 255
22 26 21 0 169 255
23 26 21 0 169 255
9 27 21 0 169 255
10 27 21 0 169 255
11 27 21 0 169 255
12 27 21 0 169 255
13 27 21 0 169 255
14 27 21 0 169 255
15 27 21 0 169 255
16 27 21 0 169 255
17 27 21 0 169 255
18 27 21 0 169 255
19 27 21 0 169 255
20 27 21 0 169 255
21 27 21 0 169 255
22 27 21 0 169 255
23 27 21 0 169 255
10 28 21 0 169 255
11 28 21 0 169 255
12 28 21 0 169 255
13 28 21 0 169 255
14 28 21 0 169 255
15 28 21 0 169 255
16 28 21 0 169 255
17 28 21 0 169 255
18 28 21 0 169 255
19 28 21 0 169 255
20 28 21 0 169 255
21 28 21 0 169 255
22 28 21 0 169 255
11 29 21 0 169 255
12 29 21 0 169 255
13 29 21 0 169 255
14 29 21 0 169 255
15 29 21 0 169 255
16 29 21 0 169 255
17 29 21 0 169 255
18 29 21 0 169 255
19 29 21 0 169 255
20 29 21 0 169 255
21 29 21 0 169 255
8 7 22 0 169 255
9 7 22 0 169 255
23 7 22 0 169 255
24 7 22 0 169 255
8 8 22 0 169 255
9 8 22 0 169 255
23 8 22 0 169 255
24 8 22 0 169 255
10 18 22 0 169 255
11 18 22 0 169 255
12 18 22 0 169 255
13 18 22 0 169 255
14 18 22 0 169 255
15 18 22 0 169 255
16 18 22 0 169 255
17 18 22 0 169 255
18 18 22 0 169 255
19 18 22 0 169 255
20 18 22 0 169 255
21 18 22 0 169 255
22 18 22 0 169 255
10 19 22 0 169 255
11 19 22 0 169 255
12 19 22 0 169 255
13 19 22 0 169 255
14 19 22 0 169 255
15 19 22 0 169 255
16 19 22 0 169 255
17 19 22 0 169 255
18 19 22 0 169 255
19 19 22 0 169 255
20 19 22 0 169 255
21 19 22 0 169 255
22 19 22 0 169 255
9 20 22 0 169 255
10 20 22 0 169 255
11 20 22 0 169 255
12 20 22 0 169 255
13 20 22 0 169 255
14 20 22 0 169 255
15 20 22 0 169 255
16 20 22 0 169 255
17 20 22 0 169 255
18 20 22 0 169 255
19 20 22 0 169 255
20 20 22 0 169 255
21 20 22 0 169 255
22 20 22 0 169 255
9 21 22 0 169 255
10 21 22 0 169 255
11 21 22 0 169 255
12 21 22 0 169 255
13 21 22 0 169 255
14 21 22 0 169 255
15 21 22 0 169 255
16 21 22 0 169 255
17 21 22 0 169 255
18 21 22 0 169 255
19 21 22 0 169 255
20 21 22 0 169 255
21 21 22 0 169 255
22 21 22 0 169 255
23 21 22 0 169 255
8 22 22 0 169 255
9 22 22 0 169 255
10 22 22 0 169 255
11 22 22 0 169 255
12 22 22 0 169 255
13 22 22 0 169 255
14 22 22 0 169 255
15 22 22 0 169 255
16 22 22 0 169 255
17 22 22 0 169 255
18 22 22 0 169 255
19 22 22 0 169 255
20 22 22 0 169 255
21 22 22 0 169 255
22 22 22 0 169 255
23 22 22 0 169 255
24 22 22 0 169 255
8 23 22 0 169 255
9 23 22 0 169 255
10 23 22 0 169 255
11 23 22 0 169 255
12 23 22 0 169 255
13 23 22 0 169 255
14 23 22 0 169 255
15 23 22 0 169 255
16 23 22 0 169 255
17 23 22 0 169 255
18 23 22 0 169 255
19 23 22 0 169 255
20 23 22 0 169 255
21 23 22 0 169 255
22 23 22 0 169 255
23 23 22 0 169 255
24 23 22 0 169 255
8 24 22 0 169 255
9 24 22 0 169 255
10 24 22 0 169 255
11 24 22 0 169 255
12 24 22 0 169 255
13 24 22 0 169 255
14 24 22 0 169 255
15 24 22 0 169 255
16 24 22 0 169 255
17 24 22 0 169 255
18 24 22 0 169 255
19 24 22 0 169 255
20 24 22 0 169 255
21 24 22 0 169 255
22 24 22 0 169 255
23 24 22 0 169 255
24 24 22 0 169 255
9 25 22 0 169 255
10 25 22 0 169 255
11 25 22 0 169 255
12 25 22 0 169 255
13 25 22 0 169 255
14 25 22 0 169 255
15 25 22 0 169 255
16 25 22 0 169 255
17 25 22 0 169 255
18 25 22 0 169 255
19 25 22 0 169 255
20 25 22 0 169 255
21 25 22 0 169 255
22 25 22 0 169 255
23 25 22 0 169 255
9 26 22 0 169 255
10 26 22 0 169 255
11 26 22 0 169 255
12 26 22 0 169 255
13 26 22 0 169 255
14 26 22 0 169 255
15 26 22 0 169 255
16 26 22 0 169 255
17 26 22 0 169 255
18 26 22 0 169 255
19 26 22 0 169 255
20 26 22 0 169 255
21 26 22 0 169 255
22 26 22 0 169 255
23 26 22 0 169 255
9 27 22 0 169 255
10 27 22 0 169 255
11 27 22 0 169 255
12 27 22 0 169 255
13 27 22 0 169 255
14 27 22 0 169 255
15 27 22 0 169 255
16 27 22 0 169 255
17 27 22 0 169 255
18 27 22 0 169 255
19 27 22 0 169 255
20 27 22 0 169 255
21 27 22 0 169 255
22 27 22 0 169 255
23 27 22 0 169 255
9 28 22 0 169 255
10 28 22 0 169 255
11 28 22 0 169 255
12 28 22 0 169 255
13 28 22 0 169 255
14 28 22 0 169 255
15 28 22 0 169 255
16 28 22 0 169 255
17 28 22 0 169 255
18 28 22 0 169 255
19 28 22 0 169 255
20 28 22 0 169 255
21 28 22 0 169 255
22 28 22 0 169 255
23 28 22 0 169 255
9 29 22 0 169 255
10 29 22 0 169 255
11 29 22 0 169 255
12 29 22 0 169 255
13 29 22 0 169 255
14 29 22 0 169 255
15 29 22 0 169 255
16 29 22 0 169 255
17 29 22 0 169 255
18 29 22 0 169 255
19 29 22 0 169 255
20 29 22 0 169 255
21 29 22 0 169 255
22 29 22 0 169 255
23 29 22 0 169 255
8 7 23 0 169 255
9 7 23 0 169 255
10 7 23 0 169 255
11 7 23 0 169 255
12 7 23 0 169 255
13 7 23 0 169 255
14 7 23 0 169 255
15 7 23 0 169 255
16 7 23 0 169 255
17 7 23 0 169 255
18 7 23 0 169 255
19 7 23 0 169 255
20 7 23 0 169 255
21 7 23 0 169 255
22 7 23 0 169 255
23 7 23 0 169 255
24 7 23 0 169 255
8 8 23 0 169 255
9 8 23 0 169 255
10 8 23 0 169 255
11 8 23 0 169 255
12 8 23 0 169 255
13 8 23 0 169 255
14 8 23 0 169 255
15 8 23 0 169 255
16 8 23 0 169 255
17 8 23 0 169 255
18 8 23 0 169 255
19 8 23 0 169 255
20 8 23 0 169 255
21 8 23 0 169 255
22 8 23 0 169 255
23 8 23 0 169 255
24 8 23 0 169 255
10 23 23 0 169 255
11 23 23 0 169 255
12 23 23 0 169 255
13 23 23 0 169 255
14 23 23 0 169 255
15 23 23 0 169 255
16 23 23 0 169 255
17 23 23 0 169 255
18 23 23 0 169 255
19 23 23 0 169 255
20 23 23 0 169 255
21 23 23 0 169 255
22 23 23 0 169 255
10 24 23 0 169 255
11 24 23 0 169 255
12 24 23 0 169 255
13 24 23 0 169 255
14 24 23 0 169 255
15 24 23 0 169 255
16 24 23 0 169 255
17 24 23 0 169 255
18 24 23 0 169 255
19 24 23 0 169 255
20 24 23 0 169 255
21 24 23 0 169 255
22 24 23 0 169 255
10 25 23 0 169 255
11 25 23 0 169 255
12 25 23 0 169 255
13 25 23 0 169 255
14 25 23 0 169 255
15 25 23 0 169 255
16 25 23 0 169 255
17 25 23 0 169 255
18 25 23 0 169 255
19 25 23 0 169 255
20 25 23 0 169 255
21 25 23 0 169 255
22 25 23 0 169 255
9 26 23 0 169 255
10 26 23 0 169 255
11 26 23 0 169 255
12 26 23 0 169 255
13 26 23 0 169 255
14 26 23 0 169 255
15 26 23 0 169 255
16 26 23 0 169 255
17 26 23 0 169 255
18 26 23 0 169 255
19 26 23 0 169 255
20 26 23 0 169 255
21 26 23 0 169 255
22 26 23 0 169 255
23 26 23 0 169 255
9 27 23 0 169 255
10 27 23 0 169 255
11 27 23 0 169 255
12 27 23 0 169 255
13 27 23 0 169 255
14 27 23 0 169 255
15 27 23 0 169 255
16 27 23 0 169 255
17 27 23 0 169 255
18 27 23 0 169 255
19 27 23 0 169 255
20 27 23 0 169 255
21 27 23 0 169 255
22 27 23 0 169 255
23 27 23 0 169 255
9 28 23 0 169 255
10 28 23 0 169 255
11 28 23 0 169 255
12 28 23 0 169 255
13 28 23 0 169 255
14 28 23 0 169 255
15 28 23 0 169 255
16 28 23 0 169 255
17 28 23 0 169 255
18 28 23 0 169 255
19 28 23 0 169 255
20 28 23 0 169 255
21 28 23 0 169 255
22 28 23 0 169 255
23 28 23 0 169 255
9 29 23 0 169 255
10 29 23 0 169 255
11 29 23 0 169 255
12 29 23 0 169 255
13 29 23 0 169 255
14 29 23 0 169 255
15 29 23 0 169 255
16 29 23 0 169 255
17 29 23 0 169 255
18 29 23 0 169 255
19 29 23 0 169 255
20 29 23 0 169 255
21 29 23 0 169 255
22 29 23 0 169 255
23 29 23 0 169 255
9 7 24 0 169 255
10 7 24 0 169 255
11 7 24 0 169 255
12 7 24 0 169 255
13 7 24 0 169 255
14 7 24 0 169 255
15 7 24 0 169 255
16 7 24 0 169 255
17 7 24 0 169 255
18 7 24 0 169 255
19 7 24 0 169 255
20 7 24 0 169 255
21 7 24 0 169 255
22 7 24 0 169 255
23 7 24 0 169 255
9 8 24 0 169 255
10 8 24 0 169 255
11 8 24 0 169 255
12 8 24 0 169 255
13 8 24 0 169 255
14 8 24 0 169 255
15 8 24 0 169 255
16 8 24 0 169 255
17 8 24 0 169 255
18 8 24 0 169 255
19 8 24 0 169 255
20 8 24 0 169 255
21 8 24 0 169 255
22 8 24 0 169 255
23 8 24 0 169 255
10 28 24 0 169 255
11 28 24 0 169 255
12 28 24 0 169 255
13 28 24 0 169 255
14 28 24 0 169 255
15 28 24 0 169 255
16 28 24 0 169 255
17 28 24 0 169 255
18 28 24 0 169 255
19 28 24 0 169 255
20 28 24 0 169 255
21 28 24 0 169 255
