10 7 8 0 169 255
11 7 8 0 169 255
12 7 8 0 169 255
19 7 8 0 169 255
20 7 8 0 169 255
21 7 8 0 169 255
10 8 8 0 169 255
11 8 8 0 169 255
12 8 8 0 169 255
19 8 8 0 169 255
20 8 8 0 169 255
21 8 8 0 169 255
10 9 8 0 169 255
11 9 8 0 169 255
12 9 8 0 169 255
19 9 8 0 169 255
20 9 8 0 169 255
21 9 8 0 169 255
11 10 8 0 169 255
12 10 8 0 169 255
20 10 8 0 169 255
21 10 8 0 169 255
17 16 8 0 169 255
18 16 8 0 169 255
19 16 8 0 169 255
20 16 8 0 169 255
21 16 8 0 169 255
22 16 8 0 169 255
12 17 8 0 169 255
13 17 8 0 169 255
14 17 8 0 169 255
15 17 8 0 169 255
16 17 8 0 169 255
17 17 8 0 169 255
18 17 8 0 169 255
19 17 8 0 169 255
20 17 8 0 169 255
21 17 8 0 169 255
22 17 8 0 169 255
10 7 9 0 169 255
11 7 9 0 169 255
12 7 9 0 169 255
19 7 9 0 169 255
20 7 9 0 169 255
21 7 9 0 169 255
10 8 9 0 169 255
11 8 9 0 169 255
12 8 9 0 169 255
19 8 9 0 169 255
20 8 9 0 169 255
21 8 9 0 169 255
10 9 9 0 169 255
11 9 9 0 169 255
12 9 9 0 169 255
13 9 9 0 169 255
19 9 9 0 169 255
20 9 9 0 169 255
21 9 9 0 169 255
11 10 9 0 169 255
12 10 9 0 169 255
13 10 9 0 169 255
19 10 9 0 169 255
20 10 9 0 169 255
21 10 9 0 169 255
12 11 9 0 169 255
20 11 9 0 169 255
10 15 9 0 169 255
11 15 9 0 169 255
12 15 9 0 169 255
13 15 9 0 169 255
14 15 9 0 169 255
15 15 9 0 169 255
16 15 9 0 169 255
17 15 9 0 169 255
18 15 9 0 169 255
19 15 9 0 169 255
20 15 9 0 169 255
21 15 9 0 169 255
22 15 9 0 169 255
10 16 9 0 169 255
11 16 9 0 169 255
12 16 9 0 169 255
13 16 9 0 169 255
14 16 9 0 169 255
15 16 9 0 169 255
16 16 9 0 169 255
17 16 9 0 169 255
18 16 9 0 169 255
19 16 9 0 169 255
20 16 9 0 169 255
21 16 9 0 169 255
22 16 9 0 169 255
10 17 9 0 169 255
11 17 9 0 169 255
12 17 9 0 169 255
13 17 9 0 169 255
14 17 9 0 169 255
15 17 9 0 169 255
16 17 9 0 169 255
17 17 9 0 169 255
18 17 9 0 169 255
19 17 9 0 169 255
20 17 9 0 169 255
21 17 9 0 169 255
22 17 9 0 169 255
10 18 9 0 169 255
11 18 9 0 169 255
12 18 9 0 169 255
13 18 9 0 169 255
14 18 9 0 169 255
15 18 9 0 169 255
16 18 9 0 169 255
17 18 9 0 169 255
18 18 9 0 169 255
19 18 9 0 169 255
20 18 9 0 169 255
21 18 9 0 169 255
22 18 9 0 169 255
10 8 10 0 169 255
11 8 10 0 169 255
11 9 10 0 169 255
12 9 10 0 169 255
13 9 10 0 169 255
19 9 10 0 169 255
20 9 10 0 169 255
11 10 10 0 169 255
12 10 10 0 169 255
13 10 10 0 169 255
14 10 10 0 169 255
18 10 10 0 169 255
19 10 10 0 169 255
20 10 10 0 169 255
21 10 10 0 169 255
12 11 10 0 169 255
13 11 10 0 169 255
19 11 10 0 169 255
20 11 10 0 169 255
10 16 10 0 169 255
11 16 10 0 169 255
12 16 10 0 169 255
13 16 10 0 169 255
14 16 10 0 169 255
15 16 10 0 169 255
16 16 10 0 169 255
17 16 10 0 169 255
18 16 10 0 169 255
19 16 10 0 169 255
20 16 10 0 169 255
21 16 10 0 169 255
22 16 10 0 169 255
10 17 10 0 169 255
11 17 10 0 169 255
12 17 10 0 169 255
13 17 10 0 169 255
14 17 10 0 169 255
15 17 10 0 169 255
16 17 10 0 169 255
17 17 10 0 169 255
18 17 10 0 169 255
19 17 10 0 169 255
20 17 10 0 169 255
21 17 10 0 169 255
22 17 10 0 169 255
10 18 10 0 169 255
11 18 10 0 169 255
12 18 10 0 169 255
13 18 10 0 169 255
14 18 10 0 169 255
15 18 10 0 169 255
16 18 10 0 169 255
17 18 10 0 169 255
18 18 10 0 169 255
19 18 10 0 169 255
20 18 10 0 169 255
21 18 10 0 169 255
22 18 10 0 169 255
12 9 11 0 169 255
13 9 11 0 169 255
14 9 11 0 169 255
18 9 11 0 169 255
19 9 11 0 169 255
20 9 11 0 169 255
12 10 11 0 169 255
13 10 11 0 169 255
14 10 11 0 169 255
18 10 11 0 169 255
19 10 11 0 169 255
20 10 11 0 169 255
12 11 11 0 169 255
13 11 11 0 169 255
14 11 11 0 169 255
18 11 11 0 169 255
19 11 11 0 169 255
20 11 11 0 169 255
16 14 11 0 169 255
14 15 11 0 169 255
15 15 11 0 169 255
16 15 11 0 169 255
17 15 11 0 169 255
18 15 11 0 169 255
19 15 11 0 169 255
10 16 11 0 169 255
11 16 11 0 169 255
14 16 11 0 169 255
15 16 11 0 169 255
16 16 11 0 169 255
17 16 11 0 169 255
18 16 11 0 169 255
21 16 11 0 169 255
22 16 11 0 169 255
10 17 11 0 169 255
11 17 11 0 169 255
12 17 11 0 169 255
13 17 11 0 169 255
14 17 11 0 169 255
15 17 11 0 169 255
16 17 11 0 169 255
17 17 11 0 169 255
18 17 11 0 169 255
19 17 11 0 169 255
20 17 11 0 169 255
21 17 11 0 169 255
22 17 11 0 169 255
10 18 11 0 169 255
11 18 11 0 169 255
12 18 11 0 169 255
13 18 11 0 169 255
14 18 11 0 169 255
15 18 11 0 169 255
16 18 11 0 169 255
17 18 11 0 169 255
18 18 11 0 169 255
19 18 11 0 169 255
20 18 11 0 169 255
21 18 11 0 169 255
22 18 11 0 169 255
13 9 12 0 169 255
14 9 12 0 169 255
18 9 12 0 169 255
19 9 12 0 169 255
13 10 12 0 169 255
14 10 12 0 169 255
15 10 12 0 169 255
17 10 12 0 169 255
18 10 12 0 169 255
19 10 12 0 169 255
13 11 12 0 169 255
14 11 12 0 169 255
15 11 12 0 169 255
17 11 12 0 169 255
18 11 12 0 169 255
19 11 12 0 169 255
15 14 12 0 169 255
16 14 12 0 169 255
17 14 12 0 169 255
11 15 12 0 169 255
12 15 12 0 169 255
13 15 12 0 169 255
14 15 12 0 169 255
15 15 12 0 169 255
16 15 12 0 169 255
17 15 12 0 169 255
18 15 12 0 169 255
19 15 12 0 169 255
20 15 12 0 169 255
21 15 12 0 169 255
10 16 12 0 169 255
11 16 12 0 169 255
12 16 12 0 169 255
13 16 12 0 169 255
14 16 12 0 169 255
15 16 12 0 169 255
16 16 12 0 169 255
17 16 12 0 169 255
18 16 12 0 169 255
19 16 12 0 169 255
20 16 12 0 169 255
21 16 12 0 169 255
22 16 12 0 169 255
10 17 12 0 169 255
11 17 12 0 169 255
12 17 12 0 169 255
13 17 12 0 169 255
14 17 12 0 169 255
15 17 12 0 169 255
16 17 12 0 169 255
17 17 12 0 169 255
18 17 12 0 169 255
19 17 12 0 169 255
20 17 12 0 169 255
21 17 12 0 169 255
22 17 12 0 169 255
10 18 12 0 169 255
11 18 12 0 169 255
12 18 12 0 169 255
13 18 12 0 169 255
14 18 12 0 169 255
15 18 12 0 169 255
16 18 12 0 169 255
17 18 12 0 169 255
18 18 12 0 169 255
19 18 12 0 169 255
20 18 12 0 169 255
21 18 12 0 169 255
22 18 12 0 169 255
14 9 13 0 169 255
15 9 13 0 169 255
17 9 13 0 169 255
18 9 13 0 169 255
14 10 13 0 169 255
15 10 13 0 169 255
16 10 13 0 169 255
17 10 13 0 169 255
18 10 13 0 169 255
14 11 13 0 169 255
15 11 13 0 169 255
16 11 13 0 169 255
17 11 13 0 169 255
18 11 13 0 169 255
15 12 13 0 169 255
17 12 13 0 169 255
15 14 13 0 169 255
16 14 13 0 169 255
17 14 13 0 169 255
11 15 13 0 169 255
12 15 13 0 169 255
15 15 13 0 169 255
16 15 13 0 169 255
17 15 13 0 169 255
20 15 13 0 169 255
21 15 13 0 169 255
10 16 13 0 169 255
11 16 13 0 169 255
12 16 13 0 169 255
13 16 13 0 169 255
14 16 13 0 169 255
15 16 13 0 169 255
16 16 13 0 169 255
17 16 13 0 169 255
18 16 13 0 169 255
19 16 13 0 169 255
20 16 13 0 169 255
21 16 13 0 169 255
22 16 13 0 169 255
10 17 13 0 169 255
11 17 13 0 169 255
12 17 13 0 169 255
13 17 13 0 169 255
14 17 13 0 169 255
15 17 13 0 169 255
16 17 13 0 169 255
17 17 13 0 169 255
18 17 13 0 169 255
19 17 13 0 169 255
20 17 13 0 169 255
21 17 13 0 169 255
22 17 13 0 169 255
10 18 13 0 169 255
11 18 13 0 169 255
12 18 13 0 169 255
13 18 13 0 169 255
14 18 13 0 169 255
15 18 13 0 169 255
16 18 13 0 169 255
17 18 13 0 169 255
18 18 13 0 169 255
19 18 13 0 169 255
20 18 13 0 169 255
21 18 13 0 169 255
22 18 13 0 169 255
16 7 14 0 169 255
15 8 14 0 169 255
16 8 14 0 169 255
17 8 14 0 169 255
15 9 14 0 169 255
16 9 14 0 169 255
17 9 14 0 169 255
14 10 14 0 169 255
15 10 14 0 169 255
16 10 14 0 169 255
17 10 14 0 169 255
18 10 14 0 169 255
14 11 14 0 169 255
15 11 14 0 169 255
16 11 14 0 169 255
17 11 14 0 169 255
18 11 14 0 169 255
15 12 14 0 169 255
16 12 14 0 169 255
17 12 14 0 169 255
15 13 14 0 169 255
16 13 14 0 169 255
17 13 14 0 169 255
15 14 14 0 169 255
16 14 14 0 169 255
17 14 14 0 169 255
10 15 14 0 169 255
11 15 14 0 169 255
12 15 14 0 169 255
15 15 14 0 169 255
16 15 14 0 169 255
17 15 14 0 169 255
20 15 14 0 169 255
21 15 14 0 169 255
22 15 14 0 169 255
10 16 14 0 169 255
11 16 14 0 169 255
12 16 14 0 169 255
15 16 14 0 169 255
16 16 14 0 169 255
17 16 14 0 169 255
20 16 14 0 169 255
21 16 14 0 169 255
22 16 14 0 169 255
10 17 14 0 169 255
11 17 14 0 169 255
12 17 14 0 169 255
13 17 14 0 169 255
14 17 14 0 169 255
15 17 14 0 169 255
16 17 14 0 169 255
17 17 14 0 169 255
18 17 14 0 169 255
19 17 14 0 169 255
20 17 14 0 169 255
21 17 14 0 169 255
22 17 14 0 169 255
10 18 14 0 169 255
11 18 14 0 169 255
12 18 14 0 169 255
13 18 14 0 169 255
14 18 14 0 169 255
15 18 14 0 169 255
16 18 14 0 169 255
17 18 14 0 169 255
18 18 14 0 169 255
19 18 14 0 169 255
20 18 14 0 169 255
21 18 14 0 169 255
22 18 14 0 169 255
16 7 15 0 169 255
15 8 15 0 169 255
16 8 15 0 169 255
17 8 15 0 169 255
13 9 15 0 169 255
14 9 15 0 169 255
15 9 15 0 169 255
16 9 15 0 169 255
17 9 15 0 169 255
18 9 15 0 169 255
19 9 15 0 169 255
12 10 15 0 169 255
13 10 15 0 169 255
14 10 15 0 169 255
15 10 15 0 169 255
16 10 15 0 169 255
17 10 15 0 169 255
18 10 15 0 169 255
19 10 15 0 169 255
20 10 15 0 169 255
21 10 15 0 169 255
12 11 15 0 169 255
13 11 15 0 169 255
14 11 15 0 169 255
15 11 15 0 169 255
16 11 15 0 169 255
17 11 15 0 169 255
18 11 15 0 169 255
19 11 15 0 169 255
20 11 15 0 169 255
14 12 15 0 169 255
15 12 15 0 169 255
16 12 15 0 169 255
17 12 15 0 169 255
18 12 15 0 169 255
15 13 15 0 169 255
16 13 15 0 169 255
17 13 15 0 169 255
15 14 15 0 169 255
16 14 15 0 169 255
17 14 15 0 169 255
10 15 15 0 169 255
11 15 15 0 169 255
12 15 15 0 169 255
15 15 15 0 169 255
16 15 15 0 169 255
17 15 15 0 169 255
20 15 15 0 169 255
21 15 15 0 169 255
22 15 15 0 169 255
10 16 15 0 169 255
11 16 15 0 169 255
12 16 15 0 169 255
15 16 15 0 169 255
16 16 15 0 169 255
17 16 15 0 169 255
20 16 15 0 169 255
21 16 15 0 169 255
22 16 15 0 169 255
10 17 15 0 169 255
11 17 15 0 169 255
12 17 15 0 169 255
13 17 15 0 169 255
14 17 15 0 169 255
15 17 15 0 169 255
16 17 15 0 169 255
17 17 15 0 169 255
18 17 15 0 169 255
19 17 15 0 169 255
20 17 15 0 169 255
21 17 15 0 169 255
22 17 15 0 169 255
10 18 15 0 169 255
11 18 15 0 169 255
12 18 15 0 169 255
13 18 15 0 169 255
14 18 15 0 169 255
15 18 15 0 169 255
16 18 15 0 169 255
17 18 15 0 169 255
18 18 15 0 169 255
19 18 15 0 169 255
20 18 15 0 169 255
21 18 15 0 169 255
22 18 15 0 169 255
8 7 16 0 169 255
23 7 16 0 169 255
7 8 16 0 169 255
8 8 16 0 169 255
9 8 16 0 169 255
16 8 16 0 169 255
22 8 16 0 169 255
23 8 16 0 169 255
24 8 16 0 169 255
8 9 16 0 169 255
9 9 16 0 169 255
10 9 16 0 169 255
11 9 16 0 169 255
12 9 16 0 169 255
13 9 16 0 169 255
14 9 16 0 169 255
16 9 16 0 169 255
18 9 16 0 169 255
19 9 16 0 169 255
20 9 16 0 169 255
21 9 16 0 169 255
22 9 16 0 169 255
23 9 16 0 169 255
24 9 16 0 169 255
9 10 16 0 169 255
10 10 16 0 169 255
11 10 16 0 169 255
12 10 16 0 169 255
13 10 16 0 169 255
14 10 16 0 169 255
15 10 16 0 169 255
16 10 16 0 169 255
17 10 16 0 169 255
18 10 16 0 169 255
19 10 16 0 169 255
20 10 16 0 169 255
21 10 16 0 169 255
22 10 16 0 169 255
23 10 16 0 169 255
24 10 16 0 169 255
10 11 16 0 169 255
11 11 16 0 169 255
12 11 16 0 169 255
13 11 16 0 169 255
14 11 16 0 169 255
15 11 16 0 169 255
16 11 16 0 169 255
17 11 16 0 169 255
18 11 16 0 169 255
19 11 16 0 169 255
20 11 16 0 169 255
21 11 16 0 169 255
22 11 16 0 169 255
15 12 16 0 169 255
16 12 16 0 169 255
17 12 16 0 169 255
16 13 16 0 169 255
17 13 16 0 169 255
15 14 16 0 169 255
16 14 16 0 169 255
17 14 16 0 169 255
10 15 16 0 169 255
11 15 16 0 169 255
12 15 16 0 169 255
13 15 16 0 169 255
14 15 16 0 169 255
15 15 16 0 169 255
16 15 16 0 169 255
17 15 16 0 169 255
18 15 16 0 169 255
19 15 16 0 169 255
20 15 16 0 169 255
21 15 16 0 169 255
22 15 16 0 169 255
10 16 16 0 169 255
11 16 16 0 169 255
12 16 16 0 169 255
13 16 16 0 169 255
15 16 16 0 169 255
16 16 16 0 169 255
17 16 16 0 169 255
19 16 16 0 169 255
20 16 16 0 169 255
21 16 16 0 169 255
22 16 16 0 169 255
10 17 16 0 169 255
11 17 16 0 169 255
12 17 16 0 169 255
13 17 16 0 169 255
14 17 16 0 169 255
15 17 16 0 169 255
16 17 16 0 169 255
17 17 16 0 169 255
18 17 16 0 169 255
19 17 16 0 169 255
20 17 16 0 169 255
21 17 16 0 169 255
22 17 16 0 169 255
10 18 16 0 169 255
11 18 16 0 169 255
12 18 16 0 169 255
13 18 16 0 169 255
14 18 16 0 169 255
15 18 16 0 169 255
16 18 16 0 169 255
17 18 16 0 169 255
18 18 16 0 169 255
19 18 16 0 169 255
20 18 16 0 169 255
21 18 16 0 169 255
22 18 16 0 169 255
8 7 17 0 169 255
9 7 17 0 169 255
22 7 17 0 169 255
23 7 17 0 169 255
24 7 17 0 169 255
7 8 17 0 169 255
8 8 17 0 169 255
9 8 17 0 169 255
22 8 17 0 169 255
23 8 17 0 169 255
24 8 17 0 169 255
7 9 17 0 169 255
8 9 17 0 169 255
9 9 17 0 169 255
10 9 17 0 169 255
11 9 17 0 169 255
12 9 17 0 169 255
16 9 17 0 169 255
20 9 17 0 169 255
21 9 17 0 169 255
22 9 17 0 169 255
23 9 17 0 169 255
24 9 17 0 169 255
8 10 17 0 169 255
9 10 17 0 169 255
10 10 17 0 169 255
11 10 17 0 169 255
12 10 17 0 169 255
13 10 17 0 169 255
15 10 17 0 169 255
16 10 17 0 169 255
17 10 17 0 169 255
19 10 17 0 169 255
20 10 17 0 169 255
21 10 17 0 169 255
22 10 17 0 169 255
23 10 17 0 169 255
24 10 17 0 169 255
9 11 17 0 169 255
10 11 17 0 169 255
11 11 17 0 169 255
12 11 17 0 169 255
13 11 17 0 169 255
15 11 17 0 169 255
16 11 17 0 169 255
17 11 17 0 169 255
19 11 17 0 169 255
20 11 17 0 169 255
21 11 17 0 169 255
22 11 17 0 169 255
23 11 17 0 169 255
16 12 17 0 169 255
16 13 17 0 169 255
17 13 17 0 169 255
12 14 17 0 169 255
13 14 17 0 169 255
14 14 17 0 169 255
15 14 17 0 169 255
16 14 17 0 169 255
17 14 17 0 169 255
18 14 17 0 169 255
19 14 17 0 169 255
20 14 17 0 169 255
10 15 17 0 169 255
11 15 17 0 169 255
12 15 17 0 169 255
13 15 17 0 169 255
14 15 17 0 169 255
15 15 17 0 169 255
16 15 17 0 169 255
17 15 17 0 169 255
18 15 17 0 169 255
19 15 17 0 169 255
20 15 17 0 169 255
21 15 17 0 169 255
22 15 17 0 169 255
10 16 17 0 169 255
11 16 17 0 169 255
12 16 17 0 169 255
13 16 17 0 169 255
14 16 17 0 169 255
15 16 17 0 169 255
16 16 17 0 169 255
17 16 17 0 169 255
18 16 17 0 169 255
19 16 17 0 169 255
20 16 17 0 169 255
21 16 17 0 169 255
22 16 17 0 169 255
10 17 17 0 169 255
11 17 17 0 169 255
12 17 17 0 169 255
13 17 17 0 169 255
14 17 17 0 169 255
15 17 17 0 169 255
16 17 17 0 169 255
17 17 17 0 169 255
18 17 17 0 169 255
19 17 17 0 169 255
20 17 17 0 169 255
21 17 17 0 169 255
22 17 17 0 169 255
10 18 17 0 169 255
11 18 17 0 169 255
12 18 17 0 169 255
13 18 17 0 169 255
14 18 17 0 169 255
15 18 17 0 169 255
16 18 17 0 169 255
17 18 17 0 169 255
18 18 17 0 169 255
19 18 17 0 169 255
20 18 17 0 169 255
21 18 17 0 169 255
22 18 17 0 169 255
16 21 17 0 169 255
17 21 17 0 169 255
18 21 17 0 169 255
19 21 17 0 169 255
20 21 17 0 169 255
21 21 17 0 169 255
16 22 17 0 169 255
17 22 17 0 169 255
18 22 17 0 169 255
19 22 17 0 169 255
20 22 17 0 169 255
21 22 17 0 169 255
16 23 17 0 169 255
17 23 17 0 169 255
18 23 17 0 169 255
19 23 17 0 169 255
17 24 17 0 169 255
8 7 18 0 169 255
9 7 18 0 169 255
22 7 18 0 169 255
23 7 18 0 169 255
7 8 18 0 169 255
8 8 18 0 169 255
9 8 18 0 169 255
22 8 18 0 169 255
23 8 18 0 169 255
24 8 18 0 169 255
7 9 18 0 169 255
8 9 18 0 169 255
9 9 18 0 169 255
10 9 18 0 169 255
16 9 18 0 169 255
22 9 18 0 169 255
23 9 18 0 169 255
24 9 18 0 169 255
8 10 18 0 169 255
9 10 18 0 169 255
10 10 18 0 169 255
15 10 18 0 169 255
16 10 18 0 169 255
17 10 18 0 169 255
22 10 18 0 169 255
23 10 18 0 169 255
24 10 18 0 169 255
15 11 18 0 169 255
16 11 18 0 169 255
17 11 18 0 169 255
16 13 18 0 169 255
17 13 18 0 169 255
14 14 18 0 169 255
15 14 18 0 169 255
16 14 18 0 169 255
17 14 18 0 169 255
18 14 18 0 169 255
10 15 18 0 169 255
11 15 18 0 169 255
12 15 18 0 169 255
13 15 18 0 169 255
14 15 18 0 169 255
15 15 18 0 169 255
16 15 18 0 169 255
17 15 18 0 169 255
18 15 18 0 169 255
19 15 18 0 169 255
20 15 18 0 169 255
21 15 18 0 169 255
22 15 18 0 169 255
10 16 18 0 169 255
11 16 18 0 169 255
12 16 18 0 169 255
20 16 18 0 169 255
21 16 18 0 169 255
22 16 18 0 169 255
10 17 18 0 169 255
11 17 18 0 169 255
12 17 18 0 169 255
13 17 18 0 169 255
14 17 18 0 169 255
15 17 18 0 169 255
16 17 18 0 169 255
17 17 18 0 169 255
18 17 18 0 169 255
19 17 18 0 169 255
20 17 18 0 169 255
21 17 18 0 169 255
22 17 18 0 169 255
10 18 18 0 169 255
11 18 18 0 169 255
12 18 18 0 169 255
13 18 18 0 169 255
14 18 18 0 169 255
15 18 18 0 169 255
16 18 18 0 169 255
17 18 18 0 169 255
18 18 18 0 169 255
19 18 18 0 169 255
20 18 18 0 169 255
21 18 18 0 169 255
22 18 18 0 169 255
10 19 18 0 169 255
11 19 18 0 169 255
12 19 18 0 169 255
13 19 18 0 169 255
14 19 18 0 169 255
15 19 18 0 169 255
16 19 18 0 169 255
17 19 18 0 169 255
18 19 18 0 169 255
19 19 18 0 169 255
20 19 18 0 169 255
21 19 18 0 169 255
22 19 18 0 169 255
10 20 18 0 169 255
11 20 18 0 169 255
12 20 18 0 169 255
13 20 18 0 169 255
14 20 18 0 169 255
15 20 18 0 169 255
16 20 18 0 169 255
17 20 18 0 169 255
18 20 18 0 169 255
19 20 18 0 169 255
20 20 18 0 169 255
21 20 18 0 169 255
22 20 18 0 169 255
10 21 18 0 169 255
11 21 18 0 169 255
12 21 18 0 169 255
13 21 18 0 169 255
14 21 18 0 169 255
15 21 18 0 169 255
16 21 18 0 169 255
17 21 18 0 169 255
18 21 18 0 169 255
19 21 18 0 169 255
20 21 18 0 169 255
21 21 18 0 169 255
22 21 18 0 169 255
10 22 18 0 169 255
11 22 18 0 169 255
12 22 18 0 169 255
13 22 18 0 169 255
14 22 18 0 169 255
15 22 18 0 169 255
16 22 18 0 169 255
17 22 18 0 169 255
18 22 18 0 169 255
19 22 18 0 169 255
20 22 18 0 169 255
21 22 18 0 169 255
22 22 18 0 169 255
10 23 18 0 169 255
11 23 18 0 169 255
12 23 18 0 169 255
13 23 18 0 169 255
14 23 18 0 169 255
15 23 18 0 169 255
16 23 18 0 169 255
17 23 18 0 169 255
18 23 18 0 169 255
19 23 18 0 169 255
20 23 18 0 169 255
21 23 18 0 169 255
22 23 18 0 169 255
10 24 18 0 169 255
11 24 18 0 169 255
12 24 18 0 169 255
13 24 18 0 169 255
14 24 18 0 169 255
15 24 18 0 169 255
16 24 18 0 169 255
17 24 18 0 169 255
18 24 18 0 169 255
19 24 18 0 169 255
20 24 18 0 169 255
21 24 18 0 169 255
22 24 18 0 169 255
10 25 18 0 169 255
11 25 18 0 169 255
12 25 18 0 169 255
13 25 18 0 169 255
14 25 18 0 169 255
15 25 18 0 169 255
16 25 18 0 169 255
17 25 18 0 169 255
18 25 18 0 169 255
19 25 18 0 169 255
20 25 18 0 169 255
21 25 18 0 169 255
22 25 18 0 169 255
11 26 18 0 169 255
12 26 18 0 169 255
13 26 18 0 169 255
14 26 18 0 169 255
15 26 18 0 169 255
16 26 18 0 169 255
17 26 18 0 169 255
18 26 18 0 169 255
19 26 18 0 169 255
20 26 18 0 169 255
21 26 18 0 169 255
22 26 18 0 169 255
11 27 18 0 169 255
12 27 18 0 169 255
13 27 18 0 169 255
14 27 18 0 169 255
15 27 18 0 169 255
16 27 18 0 169 255
17 27 18 0 169 255
18 27 18 0 169 255
19 27 18 0 169 255
20 27 18 0 169 255
21 27 18 0 169 255
22 27 18 0 169 255
12 28 18 0 169 255
13 28 18 0 169 255
14 28 18 0 169 255
15 28 18 0 169 255
16 28 18 0 169 255
17 28 18 0 169 255
18 28 18 0 169 255
19 28 18 0 169 255
20 28 18 0 169 255
21 28 18 0 169 255
20 29 18 0 169 255
16 9 19 0 169 255
17 9 19 0 169 255
15 10 19 0 169 255
16 10 19 0 169 255
17 10 19 0 169 255
15 11 19 0 169 255
16 11 19 0 169 255
17 11 19 0 169 255
10 15 19 0 169 255
11 15 19 0 169 255
12 15 19 0 169 255
21 15 19 0 169 255
22 15 19 0 169 255
10 16 19 0 169 255
11 16 19 0 169 255
12 16 19 0 169 255
20 16 19 0 169 255
21 16 19 0 169 255
22 16 19 0 169 255
10 17 19 0 169 255
11 17 19 0 169 255
12 17 19 0 169 255
13 17 19 0 169 255
14 17 19 0 169 255
15 17 19 0 169 255
16 17 19 0 169 255
17 17 19 0 169 255
18 17 19 0 169 255
19 17 19 0 169 255
20 17 19 0 169 255
21 17 19 0 169 255
22 17 19 0 169 255
10 18 19 0 169 255
11 18 19 0 169 255
12 18 19 0 169 255
13 18 19 0 169 255
14 18 19 0 169 255
15 18 19 0 169 255
16 18 19 0 169 255
17 18 19 0 169 255
18 18 19 0 169 255
19 18 19 0 169 255
20 18 19 0 169 255
21 18 19 0 169 255
22 18 19 0 169 255
10 19 19 0 169 255
11 19 19 0 169 255
12 19 19 0 169 255
13 19 19 0 169 255
14 19 19 0 169 255
15 19 19 0 169 255
16 19 19 0 169 255
17 19 19 0 169 255
18 19 19 0 169 255
19 19 19 0 169 255
20 19 19 0 169 255
21 19 19 0 169 255
22 19 19 0 169 255
10 20 19 0 169 255
11 20 19 0 169 255
12 20 19 0 169 255
13 20 19 0 169 255
14 20 19 0 169 255
15 20 19 0 169 255
16 20 19 0 169 255
17 20 19 0 169 255
18 20 19 0 169 255
19 20 19 0 169 255
20 20 19 0 169 255
21 20 19 0 169 255
22 20 19 0 169 255
10 21 19 0 169 255
11 21 19 0 169 255
12 21 19 0 169 255
13 21 19 0 169 255
14 21 19 0 169 255
15 21 19 0 169 255
16 21 19 0 169 255
17 21 19 0 169 255
18 21 19 0 169 255
19 21 19 0 169 255
20 21 19 0 169 255
21 21 19 0 169 255
22 21 19 0 169 255
10 22 19 0 169 255
11 22 19 0 169 255
12 22 19 0 169 255
13 22 19 0 169 255
14 22 19 0 169 255
15 22 19 0 169 255
20 22 19 0 169 255
21 22 19 0 169 255
22 22 19 0 169 255
10 23 19 0 169 255
11 23 19 0 169 255
12 23 19 0 169 255
13 23 19 0 169 255
14 23 19 0 169 255
15 23 19 0 169 255
20 23 19 0 169 255
21 23 19 0 169 255
22 23 19 0 169 255
10 24 19 0 169 255
11 24 19 0 169 255
12 24 19 0 169 255
13 24 19 0 169 255
14 24 19 0 169 255
15 24 19 0 169 255
16 24 19 0 169 255
18 24 19 0 169 255
19 24 19 0 169 255
20 24 19 0 169 255
21 24 19 0 169 255
22 24 19 0 169 255
10 25 19 0 169 255
11 25 19 0 169 255
12 25 19 0 169 255
13 25 19 0 169 255
14 25 19 0 169 255
15 25 19 0 169 255
16 25 19 0 169 255
17 25 19 0 169 255
18 25 19 0 169 255
19 25 19 0 169 255
20 25 19 0 169 255
21 25 19 0 169 255
22 25 19 0 169 255
10 26 19 0 169 255
11 26 19 0 169 255
12 26 19 0 169 255
13 26 19 0 169 255
14 26 19 0 169 255
15 26 19 0 169 255
16 26 19 0 169 255
17 26 19 0 169 255
18 26 19 0 169 255
19 26 19 0 169 255
20 26 19 0 169 255
21 26 19 0 169 255
22 26 19 0 169 255
10 27 19 0 169 255
11 27 19 0 169 255
12 27 19 0 169 255
13 27 19 0 169 255
14 27 19 0 169 255
15 27 19 0 169 255
16 27 19 0 169 255
17 27 19 0 169 255
18 27 19 0 169 255
19 27 19 0 169 255
20 27 19 0 169 255
21 27 19 0 169 255
22 27 19 0 169 255
10 28 19 0 169 255
11 28 19 0 169 255
12 28 19 0 169 255
13 28 19 0 169 255
14 28 19 0 169 255
15 28 19 0 169 255
16 28 19 0 169 255
17 28 19 0 169 255
18 28 19 0 169 255
19 28 19 0 169 255
20 28 19 0 169 255
21 28 19 0 169 255
22 28 19 0 169 255
10 29 19 0 169 255
11 29 19 0 169 255
12 29 19 0 169 255
13 29 19 0 169 255
14 29 19 0 169 255
15 29 19 0 169 255
16 29 19 0 169 255
17 29 19 0 169 255
18 29 19 0 169 255
19 29 19 0 169 255
20 29 19 0 169 255
21 29 19 0 169 255
22 29 19 0 169 255
10 30 19 0 169 255
11 30 19 0 169 255
12 30 19 0 169 255
13 30 19 0 169 255
14 30 19 0 169 255
15 30 19 0 169 255
16 30 19 0 169 255
17 30 19 0 169 255
18 30 19 0 169 255
19 30 19 0 169 255
20 30 19 0 169 255
21 30 19 0 169 255
22 30 19 0 169 255
11 31 19 0 169 255
12 31 19 0 169 255
13 31 19 0 169 255
14 31 19 0 169 255
15 31 19 0 169 255
16 31 19 0 169 255
17 31 19 0 169 255
18 31 19 0 169 255
19 31 19 0 169 255
20 31 19 0 169 255
21 31 19 0 169 255
15 9 20 0 169 255
16 9 20 0 169 255
17 9 20 0 169 255
15 10 20 0 169 255
16 10 20 0 169 255
17 10 20 0 169 255
15 11 20 0 169 255
16 11 20 0 169 255
17 11 20 0 169 255
10 16 20 0 169 255
11 16 20 0 169 255
12 16 20 0 169 255
20 16 20 0 169 255
21 16 20 0 169 255
22 16 20 0 169 255
10 17 20 0 169 255
11 17 20 0 169 255
12 17 20 0 169 255
13 17 20 0 169 255
14 17 20 0 169 255
15 17 20 0 169 255
16 17 20 0 169 255
17 17 20 0 169 255
18 17 20 0 169 255
19 17 20 0 169 255
20 17 20 0 169 255
21 17 20 0 169 255
22 17 20 0 169 255
10 18 20 0 169 255
11 18 20 0 169 255
12 18 20 0 169 255
13 18 20 0 169 255
14 18 20 0 169 255
15 18 20 0 169 255
16 18 20 0 169 255
17 18 20 0 169 255
18 18 20 0 169 255
19 18 20 0 169 255
20 18 20 0 169 255
21 18 20 0 169 255
22 18 20 0 169 255
10 19 20 0 169 255
11 19 20 0 169 255
12 19 20 0 169 255
20 19 20 0 169 255
21 19 20 0 169 255
22 19 20 0 169 255
10 20 20 0 169 255
11 20 20 0 169 255
12 20 20 0 169 255
21 20 20 0 169 255
22 20 20 0 169 255
11 24 20 0 169 255
11 25 20 0 169 255
12 25 20 0 169 255
21 25 20 0 169 255
11 26 20 0 169 255
12 26 20 0 169 255
20 26 20 0 169 255
21 26 20 0 169 255
22 26 20 0 169 255
10 27 20 0 169 255
11 27 20 0 169 255
12 27 20 0 169 255
20 27 20 0 169 255
21 27 20 0 169 255
22 27 20 0 169 255
10 28 20 0 169 255
11 28 20 0 169 255
12 28 20 0 169 255
20 28 20 0 169 255
21 28 20 0 169 255
22 28 20 0 169 255
10 29 20 0 169 255
11 29 20 0 169 255
12 29 20 0 169 255
13 29 20 0 169 255
14 29 20 0 169 255
15 29 20 0 169 255
16 29 20 0 169 255
17 29 20 0 169 255
18 29 20 0 169 255
19 29 20 0 169 255
20 29 20 0 169 255
21 29 20 0 169 255
22 29 20 0 169 255
10 30 20 0 169 255
11 30 20 0 169 255
12 30 20 0 169 255
13 30 20 0 169 255
14 30 20 0 169 255
15 30 20 0 169 255
16 30 20 0 169 255
17 30 20 0 169 255
18 30 20 0 169 255
19 30 20 0 169 255
20 30 20 0 169 255
21 30 20 0 169 255
22 30 20 0 169 255
10 31 20 0 169 255
11 31 20 0 169 255
12 31 20 0 169 255
13 31 20 0 169 255
14 31 20 0 169 255
15 31 20 0 169 255
16 31 20 0 169 255
17 31 20 0 169 255
18 31 20 0 169 255
19 31 20 0 169 255
20 31 20 0 169 255
21 31 20 0 169 255
22 31 20 0 169 255
15 9 21 0 169 255
16 9 21 0 169 255
17 9 21 0 169 255
15 10 21 0 169 255
16 10 21 0 169 255
17 10 21 0 169 255
16 11 21 0 169 255
17 11 21 0 169 255
11 17 21 0 169 255
11 30 21 0 169 255
12 30 21 0 169 255
13 30 21 0 169 255
14 30 21 0 169 255
15 30 21 0 169 255
16 30 21 0 169 255
17 30 21 0 169 255
18 30 21 0 169 255
19 30 21 0 169 255
20 30 21 0 169 255
21 30 21 0 169 255
22 30 21 0 169 255
11 31 21 0 169 255
12 31 21 0 169 255
13 31 21 0 169 255
14 31 21 0 169 255
15 31 21 0 169 255
16 31 21 0 169 255
17 31 21 0 169 255
18 31 21 0 169 255
19 31 21 0 169 255
20 31 21 0 169 255
21 31 21 0 169 255
22 31 21 0 169 255
15 7 22 0 169 255
16 7 22 0 169 255
14 8 22 0 169 255
15 8 22 0 169 255
16 8 22 0 169 255
17 8 22 0 169 255
15 9 22 0 169 255
16 9 22 0 169 255
17 9 22 0 169 255
15 10 22 0 169 255
16 10 22 0 169 255
17 10 22 0 169 255
16 11 22 0 169 255
15 7 23 0 169 255
16 7 23 0 169 255
14 8 23 0 169 255
15 8 23 0 169 255
16 8 23 0 169 255
17 8 23 0 169 255
15 9 23 0 169 255
16 9 23 0 169 255
17 9 23 0 169 255
15 10 23 0 169 255
16 10 23 0 169 255
17 10 23 0 169 255
15 8 24 0 169 255
16 8 24 0 169 255
16 9 24 0 169 255
