15 22 6 0 169 255
16 22 6 0 169 255
17 22 6 0 169 255
12 22 7 0 169 255
13 22 7 0 169 255
14 22 7 0 169 255
15 22 7 0 169 255
16 22 7 0 169 255
17 22 7 0 169 255
18 22 7 0 169 255
19 22 7 0 169 255
20 22 7 0 169 255
12 23 7 0 169 255
13 23 7 0 169 255
14 23 7 0 169 255
15 23 7 0 169 255
16 23 7 0 169 255
17 23 7 0 169 255
18 23 7 0 169 255
19 23 7 0 169 255
20 23 7 0 169 255
10 22 8 0 169 255
11 22 8 0 169 255
12 22 8 0 169 255
13 22 8 0 169 255
14 22 8 0 169 255
15 22 8 0 169 255
16 22 8 0 169 255
17 22 8 0 169 255
18 22 8 0 169 255
19 22 8 0 169 255
20 22 8 0 169 255
21 22 8 0 169 255
22 22 8 0 169 255
10 23 8 0 169 255
11 23 8 0 169 255
12 23 8 0 169 255
13 23 8 0 169 255
14 23 8 0 169 255
15 23 8 0 169 255
16 23 8 0 169 255
17 23 8 0 169 255
18 23 8 0 169 255
19 23 8 0 169 255
20 23 8 0 169 255
21 23 8 0 169 255
22 23 8 0 169 255
9 22 9 0 169 255
10 22 9 0 169 255
11 22 9 0 169 255
12 22 9 0 169 255
13 22 9 0 169 255
14 22 9 0 169 255
15 22 9 0 169 255
16 22 9 0 169 255
17 22 9 0 169 255
18 22 9 0 169 255
19 22 9 0 169 255
20 22 9 0 169 255
21 22 9 0 169 255
22 22 9 0 169 255
23 22 9 0 169 255
9 23 9 0 169 255
10 23 9 0 169 255
11 23 9 0 169 255
12 23 9 0 169 255
13 23 9 0 169 255
14 23 9 0 169 255
15 23 9 0 169 255
16 23 9 0 169 255
17 23 9 0 169 255
18 23 9 0 169 255
19 23 9 0 169 255
20 23 9 0 169 255
21 23 9 0 169 255
22 23 9 0 169 255
23 23 9 0 169 255
13 7 10 0 169 255
14 7 10 0 169 255
15 7 10 0 169 255
16 7 10 0 169 255
17 7 10 0 169 255
18 7 10 0 169 255
19 7 10 0 169 255
13 8 10 0 169 255
14 8 10 0 169 255
15 8 10 0 169 255
16 8 10 0 169 255
17 8 10 0 169 255
18 8 10 0 169 255
19 8 10 0 169 255
8 22 10 0 169 255
9 22 10 0 169 255
10 22 10 0 169 255
11 22 10 0 169 255
12 22 10 0 169 255
13 22 10 0 169 255
14 22 10 0 169 255
15 22 10 0 169 255
16 22 10 0 169 255
17 22 10 0 169 255
18 22 10 0 169 255
19 22 10 0 169 255
20 22 10 0 169 255
21 22 10 0 169 255
22 22 10 0 169 255
23 22 10 0 169 255
24 22 10 0 169 255
8 23 10 0 169 255
9 23 10 0 169 255
10 23 10 0 169 255
11 23 10 0 169 255
12 23 10 0 169 255
13 23 10 0 169 255
14 23 10 0 169 255
15 23 10 0 169 255
16 23 10 0 169 255
17 23 10 0 169 255
18 23 10 0 169 255
19 23 10 0 169 255
20 23 10 0 169 255
21 23 10 0 169 255
22 23 10 0 169 255
23 23 10 0 169 255
24 23 10 0 169 255
12 7 11 0 169 255
13 7 11 0 169 255
14 7 11 0 169 255
15 7 11 0 169 255
16 7 11 0 169 255
17 7 11 0 169 255
18 7 11 0 169 255
19 7 11 0 169 255
20 7 11 0 169 255
12 8 11 0 169 255
13 8 11 0 169 255
14 8 11 0 169 255
15 8 11 0 169 255
16 8 11 0 169 255
17 8 11 0 169 255
18 8 11 0 169 255
19 8 11 0 169 255
20 8 11 0 169 255
8 22 11 0 169 255
9 22 11 0 169 255
10 22 11 0 169 255
11 22 11 0 169 255
12 22 11 0 169 255
13 22 11 0 169 255
14 22 11 0 169 255
15 22 11 0 169 255
16 22 11 0 169 255
17 22 11 0 169 255
18 22 11 0 169 255
19 22 11 0 169 255
20 22 11 0 169 255
21 22 11 0 169 255
22 22 11 0 169 255
23 22 11 0 169 255
24 22 11 0 169 255
8 23 11 0 169 255
9 23 11 0 169 255
10 23 11 0 169 255
11 23 11 0 169 255
12 23 11 0 169 255
13 23 11 0 169 255
14 23 11 0 169 255
15 23 11 0 169 255
16 23 11 0 169 255
17 23 11 0 169 255
18 23 11 0 169 255
19 23 11 0 169 255
20 23 11 0 169 255
21 23 11 0 169 255
22 23 11 0 169 255
23 23 11 0 169 255
24 23 11 0 169 255
11 7 12 0 169 255
12 7 12 0 169 255
13 7 12 0 169 255
14 7 12 0 169 255
15 7 12 0 169 255
16 7 12 0 169 255
17 7 12 0 169 255
18 7 12 0 169 255
19 7 12 0 169 255
20 7 12 0 169 255
21 7 12 0 169 255
11 8 12 0 169 255
12 8 12 0 169 255
13 8 12 0 169 255
14 8 12 0 169 255
15 8 12 0 169 255
16 8 12 0 169 255
17 8 12 0 169 255
18 8 12 0 169 255
19 8 12 0 169 255
20 8 12 0 169 255
21 8 12 0 169 255
7 22 12 0 169 255
8 22 12 0 169 255
9 22 12 0 169 255
10 22 12 0 169 255
11 22 12 0 169 255
12 22 12 0 169 255
13 22 12 0 169 255
14 22 12 0 169 255
15 22 12 0 169 255
16 22 12 0 169 255
17 22 12 0 169 255
18 22 12 0 169 255
19 22 12 0 169 255
20 22 12 0 169 255
21 22 12 0 169 255
22 22 12 0 169 255
23 22 12 0 169 255
24 22 12 0 169 255
25 22 12 0 169 255
7 23 12 0 169 255
8 23 12 0 169 255
9 23 12 0 169 255
10 23 12 0 169 255
11 23 12 0 169 255
12 23 12 0 169 255
13 23 12 0 169 255
14 23 12 0 169 255
15 23 12 0 169 255
16 23 12 0 169 255
17 23 12 0 169 255
18 23 12 0 169 255
19 23 12 0 169 255
20 23 12 0 169 255
21 23 12 0 169 255
22 23 12 0 169 255
23 23 12 0 169 255
24 23 12 0 169 255
25 23 12 0 169 255
10 7 13 0 169 255
11 7 13 0 169 255
12 7 13 0 169 255
13 7 13 0 169 255
14 7 13 0 169 255
15 7 13 0 169 255
16 7 13 0 169 255
17 7 13 0 169 255
18 7 13 0 169 255
19 7 13 0 169 255
20 7 13 0 169 255
21 7 13 0 169 255
22 7 13 0 169 255
10 8 13 0 169 255
11 8 13 0 169 255
12 8 13 0 169 255
13 8 13 0 169 255
14 8 13 0 169 255
15 8 13 0 169 255
16 8 13 0 169 255
17 8 13 0 169 255
18 8 13 0 169 255
19 8 13 0 169 255
20 8 13 0 169 255
21 8 13 0 169 255
22 8 13 0 169 255
7 22 13 0 169 255
8 22 13 0 169 255
9 22 13 0 169 255
10 22 13 0 169 255
11 22 13 0 169 255
12 22 13 0 169 255
13 22 13 0 169 255
14 22 13 0 169 255
15 22 13 0 169 255
16 22 13 0 169 255
17 22 13 0 169 255
18 22 13 0 169 255
19 22 13 0 169 255
20 22 13 0 169 255
21 22 13 0 169 255
22 22 13 0 169 255
23 22 13 0 169 255
24 22 13 0 169 255
25 22 13 0 169 255
7 23 13 0 169 255
8 23 13 0 169 255
9 23 13 0 169 255
10 23 13 0 169 255
11 23 13 0 169 255
12 23 13 0 169 255
13 23 13 0 169 255
14 23 13 0 169 255
15 23 13 0 169 255
16 23 13 0 169 255
17 23 13 0 169 255
18 23 13 0 169 255
19 23 13 0 169 255
20 23 13 0 169 255
21 23 13 0 169 255
22 23 13 0 169 255
23 23 13 0 169 255
24 23 13 0 169 255
25 23 13 0 169 255
10 7 14 0 169 255
11 7 14 0 169 255
12 7 14 0 169 255
13 7 14 0 169 255
14 7 14 0 169 255
15 7 14 0 169 255
16 7 14 0 169 255
17 7 14 0 169 255
18 7 14 0 169 255
19 7 14 0 169 255
20 7 14 0 169 255
21 7 14 0 169 255
22 7 14 0 169 255
10 8 14 0 169 255
11 8 14 0 169 255
12 8 14 0 169 255
13 8 14 0 169 255
14 8 14 0 169 255
15 8 14 0 169 255
16 8 14 0 169 255
17 8 14 0 169 255
18 8 14 0 169 255
19 8 14 0 169 255
20 8 14 0 169 255
21 8 14 0 169 255
22 8 14 0 169 255
7 22 14 0 169 255
8 22 14 0 169 255
9 22 14 0 169 255
10 22 14 0 169 255
11 22 14 0 169 255
12 22 14 0 169 255
13 22 14 0 169 255
14 22 14 0 169 255
15 22 14 0 169 255
16 22 14 0 169 255
17 22 14 0 169 255
18 22 14 0 169 255
19 22 14 0 169 255
20 22 14 0 169 255
21 22 14 0 169 255
22 22 14 0 169 255
23 22 14 0 169 255
24 22 14 0 169 255
25 22 14 0 169 255
7 23 14 0 169 255
8 23 14 0 169 255
9 23 14 0 169 255
10 23 14 0 169 255
11 23 14 0 169 255
12 23 14 0 169 255
13 23 14 0 169 255
14 23 14 0 169 255
15 23 14 0 169 255
16 23 14 0 169 255
17 23 14 0 169 255
18 23 14 0 169 255
19 23 14 0 169 255
20 23 14 0 169 255
21 23 14 0 169 255
22 23 14 0 169 255
23 23 14 0 169 255
24 23 14 0 169 255
25 23 14 0 169 255
10 7 15 0 169 255
11 7 15 0 169 255
12 7 15 0 169 255
13 7 15 0 169 255
14 7 15 0 169 255
15 7 15 0 169 255
16 7 15 0 169 255
17 7 15 0 169 255
18 7 15 0 169 255
19 7 15 0 169 255
20 7 15 0 169 255
21 7 15 0 169 255
22 7 15 0 169 255
10 8 15 0 169 255
11 8 15 0 169 255
12 8 15 0 169 255
13 8 15 0 169 255
14 8 15 0 169 255
15 8 15 0 169 255
16 8 15 0 169 255
17 8 15 0 169 255
18 8 15 0 169 255
19 8 15 0 169 255
20 8 15 0 169 255
21 8 15 0 169 255
22 8 15 0 169 255
15 9 15 0 169 255
16 9 15 0 169 255
17 9 15 0 169 255
15 10 15 0 169 255
16 10 15 0 169 255
17 10 15 0 169 255
15 11 15 0 169 255
16 11 15 0 169 255
17 11 15 0 169 255
15 12 15 0 169 255
16 12 15 0 169 255
17 12 15 0 169 255
15 13 15 0 169 255
16 13 15 0 169 255
17 13 15 0 169 255
15 14 15 0 169 255
16 14 15 0 169 255
17 14 15 0 169 255
15 15 15 0 169 255
16 15 15 0 169 255
17 15 15 0 169 255
15 16 15 0 169 255
16 16 15 0 169 255
17 16 15 0 169 255
15 17 15 0 169 255
16 17 15 0 169 255
17 17 15 0 169 255
15 18 15 0 169 255
16 18 15 0 169 255
17 18 15 0 169 255
15 19 15 0 169 255
16 19 15 0 169 255
17 19 15 0 169 255
15 20 15 0 169 255
16 20 15 0 169 255
17 20 15 0 169 255
15 21 15 0 169 255
16 21 15 0 169 255
17 21 15 0 169 255
6 22 15 0 169 255
7 22 15 0 169 255
8 22 15 0 169 255
9 22 15 0 169 255
10 22 15 0 169 255
11 22 15 0 169 255
12 22 15 0 169 255
13 22 15 0 169 255
14 22 15 0 169 255
15 22 15 0 169 255
16 22 15 0 169 255
17 22 15 0 169 255
18 22 15 0 169 255
19 22 15 0 169 255
20 22 15 0 169 255
21 22 15 0 169 255
22 22 15 0 169 255
23 22 15 0 169 255
24 22 15 0 169 255
25 22 15 0 169 255
26 22 15 0 169 255
7 23 15 0 169 255
8 23 15 0 169 255
9 23 15 0 169 255
10 23 15 0 169 255
11 23 15 0 169 255
12 23 15 0 169 255
13 23 15 0 169 255
14 23 15 0 169 255
15 23 15 0 169 255
16 23 15 0 169 255
17 23 15 0 169 255
18 23 15 0 169 255
19 23 15 0 169 255
20 23 15 0 169 255
21 23 15 0 169 255
22 23 15 0 169 255
23 23 15 0 169 255
24 23 15 0 169 255
25 23 15 0 169 255
10 7 16 0 169 255
11 7 16 0 169 255
12 7 16 0 169 255
13 7 16 0 169 255
14 7 16 0 169 255
15 7 16 0 169 255
16 7 16 0 169 255
17 7 16 0 169 255
18 7 16 0 169 255
19 7 16 0 169 255
20 7 16 0 169 255
21 7 16 0 169 255
22 7 16 0 169 255
10 8 16 0 169 255
11 8 16 0 169 255
12 8 16 0 169 255
13 8 16 0 169 255
14 8 16 0 169 255
15 8 16 0 169 255
16 8 16 0 169 255
17 8 16 0 169 255
18 8 16 0 169 255
19 8 16 0 169 255
20 8 16 0 169 255
21 8 16 0 169 255
22 8 16 0 169 255
15 9 16 0 169 255
16 9 16 0 169 255
17 9 16 0 169 255
15 10 16 0 169 255
16 10 16 0 169 255
17 10 16 0 169 255
15 11 16 0 169 255
16 11 16 0 169 255
17 11 16 0 169 255
15 12 16 0 169 255
16 12 16 0 169 255
17 12 16 0 169 255
15 13 16 0 169 255
16 13 16 0 169 255
17 13 16 0 169 255
15 14 16 0 169 255
16 14 16 0 169 255
17 14 16 0 169 255
15 15 16 0 169 255
16 15 16 0 169 255
17 15 16 0 169 255
15 16 16 0 169 255
16 16 16 0 169 255
17 16 16 0 169 255
15 17 16 0 169 255
16 17 16 0 169 255
17 17 16 0 169 255
15 18 16 0 169 255
16 18 16 0 169 255
17 18 16 0 169 255
15 19 16 0 169 255
16 19 16 0 169 255
17 19 16 0 169 255
15 20 16 0 169 255
16 20 16 0 169 255
17 20 16 0 169 255
15 21 16 0 169 255
16 21 16 0 169 255
17 21 16 0 169 255
6 22 16 0 169 255
7 22 16 0 169 255
8 22 16 0 169 255
9 22 16 0 169 255
10 22 16 0 169 255
11 22 16 0 169 255
12 22 16 0 169 255
13 22 16 0 169 255
14 22 16 0 169 255
15 22 16 0 169 255
16 22 16 0 169 255
17 22 16 0 169 255
18 22 16 0 169 255
19 22 16 0 169 255
20 22 16 0 169 255
21 22 16 0 169 255
22 22 16 0 169 255
23 22 16 0 169 255
24 22 16 0 169 255
25 22 16 0 169 255
26 22 16 0 169 255
7 23 16 0 169 255
8 23 16 0 169 255
9 23 16 0 169 255
10 23 16 0 169 255
11 23 16 0 169 255
12 23 16 0 169 255
13 23 16 0 169 255
14 23 16 0 169 255
15 23 16 0 169 255
16 23 16 0 169 255
17 23 16 0 169 255
18 23 16 0 169 255
19 23 16 0 169 255
20 23 16 0 169 255
21 23 16 0 169 255
22 23 16 0 169 255
23 23 16 0 169 255
24 23 16 0 169 255
25 23 16 0 169 255
10 7 17 0 169 255
11 7 17 0 169 255
12 7 17 0 169 255
13 7 17 0 169 255
14 7 17 0 169 255
15 7 17 0 169 255
16 7 17 0 169 255
17 7 17 0 169 255
18 7 17 0 169 255
19 7 17 0 169 255
20 7 17 0 169 255
21 7 17 0 169 255
22 7 17 0 169 255
10 8 17 0 169 255
11 8 17 0 169 255
12 8 17 0 169 255
13 8 17 0 169 255
14 8 17 0 169 255
15 8 17 0 169 255
16 8 17 0 169 255
17 8 17 0 169 255
18 8 17 0 169 255
19 8 17 0 169 255
20 8 17 0 169 255
21 8 17 0 169 255
22 8 17 0 169 255
15 9 17 0 169 255
16 9 17 0 169 255
17 9 17 0 169 255
15 10 17 0 169 255
16 10 17 0 169 255
17 10 17 0 169 255
15 11 17 0 169 255
16 11 17 0 169 255
17 11 17 0 169 255
15 12 17 0 169 255
16 12 17 0 169 255
17 12 17 0 169 255
15 13 17 0 169 255
16 13 17 0 169 255
17 13 17 0 169 255
15 14 17 0 169 255
16 14 17 0 169 255
17 14 17 0 169 255
15 15 17 0 169 255
16 15 17 0 169 255
17 15 17 0 169 255
15 16 17 0 169 255
16 16 17 0 169 255
17 16 17 0 169 255
15 17 17 0 169 255
16 17 17 0 169 255
17 17 17 0 169 255
15 18 17 0 169 255
16 18 17 0 169 255
17 18 17 0 169 255
15 19 17 0 169 255
16 19 17 0 169 255
17 19 17 0 169 255
15 20 17 0 169 255
16 20 17 0 169 255
17 20 17 0 169 255
15 21 17 0 169 255
16 21 17 0 169 255
17 21 17 0 169 255
6 22 17 0 169 255
7 22 17 0 169 255
8 22 17 0 169 255
9 22 17 0 169 255
10 22 17 0 169 255
11 22 17 0 169 255
12 22 17 0 169 255
13 22 17 0 169 255
14 22 17 0 169 255
15 22 17 0 169 255
16 22 17 0 169 255
17 22 17 0 169 255
18 22 17 0 169 255
19 22 17 0 169 255
20 22 17 0 169 255
21 22 17 0 169 255
22 22 17 0 169 255
23 22 17 0 169 255
24 22 17 0 169 255
25 22 17 0 169 255
26 22 17 0 169 255
7 23 17 0 169 255
8 23 17 0 169 255
9 23 17 0 169 255
10 23 17 0 169 255
11 23 17 0 169 255
12 23 17 0 169 255
13 23 17 0 169 255
14 23 17 0 169 255
15 23 17 0 169 255
16 23 17 0 169 255
17 23 17 0 169 255
18 23 17 0 169 255
19 23 17 0 169 255
20 23 17 0 169 255
21 23 17 0 169 255
22 23 17 0 169 255
23 23 17 0 169 255
24 23 17 0 169 255
25 23 17 0 169 255
10 7 18 0 169 255
11 7 18 0 169 255
12 7 18 0 169 255
13 7 18 0 169 255
14 7 18 0 169 255
15 7 18 0 169 255
16 7 18 0 169 255
17 7 18 0 169 255
18 7 18 0 169 255
19 7 18 0 169 255
20 7 18 0 169 255
21 7 18 0 169 255
22 7 18 0 169 255
10 8 18 0 169 255
11 8 18 0 169 255
12 8 18 0 169 255
13 8 18 0 169 255
14 8 18 0 169 255
15 8 18 0 169 255
16 8 18 0 169 255
17 8 18 0 169 255
18 8 18 0 169 255
19 8 18 0 169 255
20 8 18 0 169 255
21 8 18 0 169 255
22 8 18 0 169 255
7 22 18 0 169 255
8 22 18 0 169 255
9 22 18 0 169 255
10 22 18 0 169 255
11 22 18 0 169 255
12 22 18 0 169 255
13 22 18 0 169 255
14 22 18 0 169 255
15 22 18 0 169 255
16 22 18 0 169 255
17 22 18 0 169 255
18 22 18 0 169 255
19 22 18 0 169 255
20 22 18 0 169 255
21 22 18 0 169 255
22 22 18 0 169 255
23 22 18 0 169 255
24 22 18 0 169 255
25 22 18 0 169 255
7 23 18 0 169 255
8 23 18 0 169 255
9 23 18 0 169 255
10 23 18 0 169 255
11 23 18 0 169 255
12 23 18 0 169 255
13 23 18 0 169 255
14 23 18 0 169 255
15 23 18 0 169 255
16 23 18 0 169 255
17 23 18 0 169 255
18 23 18 0 169 255
19 23 18 0 169 255
20 23 18 0 169 255
21 23 18 0 169 255
22 23 18 0 169 255
23 23 18 0 169 255
24 23 18 0 169 255
25 23 18 0 169 255
10 7 19 0 169 255
11 7 19 0 169 255
12 7 19 0 169 255
13 7 19 0 169 255
14 7 19 0 169 255
15 7 19 0 169 255
16 7 19 0 169 255
17 7 19 0 169 255
18 7 19 0 169 255
19 7 19 0 169 255
20 7 19 0 169 255
21 7 19 0 169 255
22 7 19 0 169 255
10 8 19 0 169 255
11 8 19 0 169 255
12 8 19 0 169 255
13 8 19 0 169 255
14 8 19 0 169 255
15 8 19 0 169 255
16 8 19 0 169 255
17 8 19 0 169 255
18 8 19 0 169 255
19 8 19 0 169 255
20 8 19 0 169 255
21 8 19 0 169 255
22 8 19 0 169 255
7 22 19 0 169 255
8 22 19 0 169 255
9 22 19 0 169 255
10 22 19 0 169 255
11 22 19 0 169 255
12 22 19 0 169 255
13 22 19 0 169 255
14 22 19 0 169 255
15 22 19 0 169 255
16 22 19 0 169 255
17 22 19 0 169 255
18 22 19 0 169 255
19 22 19 0 169 255
20 22 19 0 169 255
21 22 19 0 169 255
22 22 19 0 169 255
23 22 19 0 169 255
24 22 19 0 169 255
25 22 19 0 169 255
7 23 19 0 169 255
8 23 19 0 169 255
9 23 19 0 169 255
10 23 19 0 169 255
11 23 19 0 169 255
12 23 19 0 169 255
13 23 19 0 169 255
14 23 19 0 169 255
15 23 19 0 169 255
16 23 19 0 169 255
17 23 19 0 169 255
18 23 19 0 169 255
19 23 19 0 169 255
20 23 19 0 169 255
21 23 19 0 169 255
22 23 19 0 169 255
23 23 19 0 169 255
24 23 19 0 169 255
25 23 19 0 169 255
11 7 20 0 169 255
12 7 20 0 169 255
13 7 20 0 169 255
14 7 20 0 169 255
15 7 20 0 169 255
16 7 20 0 169 255
17 7 20 0 169 255
18 7 20 0 169 255
19 7 20 0 169 255
20 7 20 0 169 255
21 7 20 0 169 255
11 8 20 0 169 255
12 8 20 0 169 255
13 8 20 0 169 255
14 8 20 0 169 255
15 8 20 0 169 255
16 8 20 0 169 255
17 8 20 0 169 255
18 8 20 0 169 255
19 8 20 0 169 255
20 8 20 0 169 255
21 8 20 0 169 255
7 22 20 0 169 255
8 22 20 0 169 255
9 22 20 0 169 255
10 22 20 0 169 255
11 22 20 0 169 255
12 22 20 0 169 255
13 22 20 0 169 255
14 22 20 0 169 255
15 22 20 0 169 255
16 22 20 0 169 255
17 22 20 0 169 255
18 22 20 0 169 255
19 22 20 0 169 255
20 22 20 0 169 255
21 22 20 0 169 255
22 22 20 0 169 255
23 22 20 0 169 255
24 22 20 0 169 255
25 22 20 0 169 255
7 23 20 0 169 255
8 23 20 0 169 255
9 23 20 0 169 255
10 23 20 0 169 255
11 23 20 0 169 255
12 23 20 0 169 255
13 23 20 0 169 255
14 23 20 0 169 255
15 23 20 0 169 255
16 23 20 0 169 255
17 23 20 0 169 255
18 23 20 0 169 255
19 23 20 0 169 255
20 23 20 0 169 255
21 23 20 0 169 255
22 23 20 0 169 255
23 23 20 0 169 255
24 23 20 0 169 255
25 23 20 0 169 255
12 7 21 0 169 255
13 7 21 0 169 255
14 7 21 0 169 255
15 7 21 0 169 255
16 7 21 0 169 255
17 7 21 0 169 255
18 7 21 0 169 255
19 7 21 0 169 255
20 7 21 0 169 255
12 8 21 0 169 255
13 8 21 0 169 255
14 8 21 0 169 255
15 8 21 0 169 255
16 8 21 0 169 255
17 8 21 0 169 255
18 8 21 0 169 255
19 8 21 0 169 255
20 8 21 0 169 255
8 22 21 0 169 255
9 22 21 0 169 255
10 22 21 0 169 255
11 22 21 0 169 255
12 22 21 0 169 255
13 22 21 0 169 255
14 22 21 0 169 255
15 22 21 0 169 255
16 22 21 0 169 255
17 22 21 0 169 255
18 22 21 0 169 255
19 22 21 0 169 255
20 22 21 0 169 255
21 22 21 0 169 255
22 22 21 0 169 255
23 22 21 0 169 255
24 22 21 0 169 255
8 23 21 0 169 255
9 23 21 0 169 255
10 23 21 0 169 255
11 23 21 0 169 255
12 23 21 0 169 255
13 23 21 0 169 255
14 23 21 0 169 255
15 23 21 0 169 255
16 23 21 0 169 255
17 23 21 0 169 255
18 23 21 0 169 255
19 23 21 0 169 255
20 23 21 0 169 255
21 23 21 0 169 255
22 23 21 0 169 255
23 23 21 0 169 255
24 23 21 0 169 255
13 7 22 0 169 255
14 7 22 0 169 255
15 7 22 0 169 255
16 7 22 0 169 255
17 7 22 0 169 255
18 7 22 0 169 255
19 7 22 0 169 255
13 8 22 0 169 255
14 8 22 0 169 255
15 8 22 0 169 255
16 8 22 0 169 255
17 8 22 0 169 255
18 8 22 0 169 255
19 8 22 0 169 255
8 22 22 0 169 255
9 22 22 0 169 255
10 22 22 0 169 255
11 22 22 0 169 255
12 22 22 0 169 255
13 22 22 0 169 255
14 22 22 0 169 255
15 22 22 0 169 255
16 22 22 0 169 255
17 22 22 0 169 255
18 22 22 0 169 255
19 22 22 0 169 255
20 22 22 0 169 255
21 22 22 0 169 255
22 22 22 0 169 255
23 22 22 0 169 255
24 22 22 0 169 255
8 23 22 0 169 255
9 23 22 0 169 255
10 23 22 0 169 255
11 23 22 0 169 255
12 23 22 0 169 255
13 23 22 0 169 255
14 23 22 0 169 255
15 23 22 0 169 255
16 23 22 0 169 255
17 23 22 0 169 255
18 23 22 0 169 255
19 23 22 0 169 255
20 23 22 0 169 255
21 23 22 0 169 255
22 23 22 0 169 255
23 23 22 0 169 255
24 23 22 0 169 255
9 22 23 0 169 255
10 22 23 0 169 255
11 22 23 0 169 255
12 22 23 0 169 255
13 22 23 0 169 255
14 22 23 0 169 255
15 22 23 0 169 255
16 22 23 0 169 255
17 22 23 0 169 255
18 22 23 0 169 255
19 22 23 0 169 255
20 22 23 0 169 255
21 22 23 0 169 255
22 22 23 0 169 255
23 22 23 0 169 255
9 23 23 0 169 255
10 23 23 0 169 255
11 23 23 0 169 255
12 23 23 0 169 255
13 23 23 0 169 255
14 23 23 0 169 255
15 23 23 0 169 255
16 23 23 0 169 255
17 23 23 0 169 255
18 23 23 0 169 255
19 23 23 0 169 255
20 23 23 0 169 255
21 23 23 0 169 255
22 23 23 0 169 255
23 23 23 0 169 255
10 22 24 0 169 255
11 22 24 0 169 255
12 22 24 0 169 255
13 22 24 0 169 255
14 22 24 0 169 255
15 22 24 0 169 255
16 22 24 0 169 255
17 22 24 0 169 255
18 22 24 0 169 255
19 22 24 0 169 255
20 22 24 0 169 255
21 22 24 0 169 255
22 22 24 0 169 255
10 23 24 0 169 255
11 23 24 0 169 255
12 23 24 0 169 255
13 23 24 0 169 255
14 23 24 0 169 255
15 23 24 0 169 255
16 23 24 0 169 255
17 23 24 0 169 255
18 23 24 0 169 255
19 23 24 0 169 255
20 23 24 0 169 255
21 23 24 0 169 255
22 23 24 0 169 255
12 22 25 0 169 255
13 22 25 0 169 255
14 22 25 0 169 255
15 22 25 0 169 255
16 22 25 0 169 255
17 22 25 0 169 255
18 22 25 0 169 255
19 22 25 0 169 255
20 22 25 0 169 255
12 23 25 0 169 255
13 23 25 0 169 255
14 23 25 0 169 255
15 23 25 0 169 255
16 23 25 0 169 255
17 23 25 0 169 255
18 23 25 0 169 255
19 23 25 0 169 255
20 23 25 0 169 255
15 22 26 0 169 255
16 22 26 0 169 255
17 22 26 0 169 255
